SpectrumName : Messung_7.SPC
XUnit        : 
YUnit        : 
Length       : 1024
SubSpcNum    : 1
StartSubSpc  : 0
StopSubSpc   : 0
Comment      : 
Realtime     : 120.000
Livetime     : 119.640
Deadtime     : 0.360
FastChannel  : 64216
Starttime    : 10.01.2000 21:16:08
Stoptime     : 10.01.2000 21:18:08
CalibCoeff   : a=0.000000000E+000 b=0.000000000E+000 c=0.000000000E+000 d=0.000000000E+000
SpectrumText : 0 
0,1,0,0,0,0,0,0
1,15,38,84,77,90,109,120
112,121,139,132,115,134,119,120
117,119,104,107,123,122,135,139
112,156,147,134,125,140,127,148
148,124,142,140,151,155,158,138
147,169,162,146,145,151,177,162
189,174,151,177,176,183,149,174
172,184,175,175,188,197,164,200
203,182,175,196,215,220,188,228
200,224,227,200,219,199,213,213
193,208,188,189,188,203,176,178
179,179,195,181,196,203,187,180
172,160,167,176,169,217,174,174
192,196,164,185,173,167,183,166
180,168,190,158,176,178,161,175
141,182,159,146,168,170,155,177
165,157,156,161,163,151,147,175
148,155,142,163,155,155,177,171
155,167,161,195,191,135,164,184
169,180,161,191,170,134,187,162
176,144,174,170,202,161,167,162
173,163,198,161,185,172,169,162
173,168,154,161,169,154,190,154
162,149,149,159,141,122,130,115
120,134,87,82,101,92,80,88
76,90,64,73,68,80,64,53
63,74,55,65,53,69,53,53
46,54,56,49,59,57,58,48
58,63,61,44,57,49,57,60
42,60,59,63,47,51,65,68
72,52,68,78,56,59,68,89
78,102,123,146,158,177,218,257
300,310,417,477,522,662,723,754
833,892,1025,1039,1111,1156,1245,1300
1219,1243,1182,1203,1143,1079,980,883
858,781,655,600,501,439,371,341
263,195,166,109,98,79,49,47
22,21,19,16,8,6,2,2
3,1,2,2,1,2,1,1
4,3,1,0,0,3,0,0
2,1,0,1,0,1,1,2
1,1,2,0,0,1,0,3
4,0,2,3,2,0,0,1
1,1,1,0,1,0,2,2
3,1,2,3,2,0,3,0
1,2,1,1,1,0,0,0
2,0,1,0,0,1,2,1
0,0,1,1,2,3,2,2
2,2,1,0,0,1,1,1
1,2,2,0,1,1,1,1
0,0,0,0,2,1,0,1
0,0,0,1,2,0,1,0
1,1,0,2,1,2,0,0
1,2,0,0,2,0,1,2
1,0,2,1,0,0,1,2
2,0,1,0,0,0,1,2
1,1,1,1,0,0,0,1
0,1,1,1,1,2,0,0
0,1,0,0,1,1,1,0
0,1,0,1,0,0,0,0
1,0,0,3,0,0,1,1
1,0,1,1,2,0,0,0
0,0,0,0,0,1,0,0
0,1,1,0,0,0,0,1
0,0,1,1,0,1,0,1
1,0,0,2,0,0,1,0
0,0,1,1,1,0,1,0
0,0,0,0,1,0,0,0
0,0,0,1,1,1,0,0
0,0,0,1,0,1,1,0
0,0,1,1,0,0,0,0
1,0,3,0,0,1,0,0
2,0,1,1,1,0,1,0
2,1,1,1,0,0,1,1
2,3,0,1,0,0,1,0
1,1,1,2,0,1,1,1
0,1,0,1,1,0,0,0
0,2,1,1,0,0,0,0
0,0,0,0,0,0,1,0
0,0,0,0,0,0,0,0
0,0,0,0,0,0,0,0
0,1,0,0,0,1,0,0
0,0,0,0,0,0,0,1
0,0,0,0,0,0,0,0
0,0,0,0,0,1,0,0
0,0,0,0,0,0,0,0
0,0,0,0,1,0,0,0
0,0,0,0,0,0,0,1
0,0,1,0,1,0,0,0
1,0,1,0,0,0,0,2
0,0,0,0,0,0,0,0
1,0,0,0,0,0,0,0
0,0,0,0,0,0,0,0
0,1,0,0,0,0,0,1
0,0,0,0,0,0,0,0
1,0,0,0,0,0,0,0
0,0,0,0,0,1,0,0
0,0,3,0,0,0,0,0
0,0,0,0,0,0,0,2
1,0,0,2,1,0,0,0
0,0,0,0,0,0,0,0
1,0,0,0,0,0,0,1
0,0,0,0,0,0,0,0
0,0,1,0,0,0,0,0
0,0,0,0,0,0,0,0
0,0,0,0,0,0,0,0
0,0,0,1,0,1,0,0
0,1,0,0,0,0,0,0
1,0,0,0,0,0,0,0
0,0,0,0,0,0,0,0
0,0,0,0,0,0,0,0
0,0,0,0,0,0,0,0
0,0,0,0,0,0,0,1
0,1,1,0,0,0,0,0
0,0,1,0,0,0,0,0
0,0,0,1,0,0,0,0
0,0,1,0,0,0,0,1
0,0,0,0,0,0,0,0
0,0,0,0,0,0,0,0
0,0,0,0,0,0,0,0
0,0,0,0,0,0,0,0
0,0,0,0,0,0,0,0
0,0,0,0,0,0,0,0
0,0,0,0,1,0,0,0
0,0,0,0,0,0,0,0
0,0,0,0,0,0,0,0
0,0,0,0,0,0,0,0
