SpectrumName : Messung_1.SPC
XUnit        : 
YUnit        : 
Length       : 1024
SubSpcNum    : 1
StartSubSpc  : 0
StopSubSpc   : 0
Comment      : 
Realtime     : 120.000
Livetime     : 119.660
Deadtime     : 0.340
FastChannel  : 64572
Starttime    : 10.01.2000 21:04:43
Stoptime     : 10.01.2000 21:06:44
CalibCoeff   : a=0.000000000E+000 b=0.000000000E+000 c=0.000000000E+000 d=0.000000000E+000
SpectrumText : 0 
0,0,1,0,0,0,0,0
7,18,42,88,93,93,113,100
121,97,121,111,102,127,133,136
141,139,135,104,137,114,131,128
123,141,135,149,153,163,132,150
165,133,162,132,148,133,165,190
138,157,161,156,160,162,161,155
153,155,186,146,160,179,172,154
155,162,166,197,161,200,183,189
186,194,198,206,188,191,215,210
214,218,215,212,210,202,200,214
237,196,205,201,195,222,202,206
164,201,178,176,167,189,173,176
179,190,205,175,173,177,191,167
176,165,172,187,144,183,188,161
151,165,149,166,170,163,140,191
171,162,154,164,162,157,154,153
165,156,164,159,176,163,168,162
177,145,176,154,167,147,144,177
144,168,164,158,151,153,160,176
168,164,171,161,186,163,150,174
161,181,151,166,194,184,172,176
191,203,193,173,162,166,151,190
187,185,178,159,175,157,182,179
149,157,138,153,137,126,133,118
104,111,86,105,90,80,82,99
102,66,61,80,74,68,66,74
55,55,57,51,60,61,61,51
53,47,65,56,58,50,63,47
47,67,57,45,61,55,45,41
58,50,67,53,65,66,56,71
57,55,51,81,71,72,69,88
89,117,116,133,173,192,191,241
305,339,430,528,592,620,713,773
832,994,972,1095,1100,1140,1277,1273
1283,1249,1251,1116,1143,1131,970,920
862,777,650,564,510,413,354,346
244,201,166,122,82,65,47,39
29,21,12,15,3,3,6,5
0,2,1,3,1,2,2,7
1,0,0,1,0,0,3,2
1,2,0,0,1,0,3,0
2,2,1,0,2,2,2,2
1,0,1,0,1,2,0,0
0,2,2,0,2,0,1,0
1,1,0,1,1,2,2,1
2,1,0,2,1,0,0,1
3,5,1,1,1,1,2,1
0,1,3,0,1,2,1,0
1,2,1,0,1,1,2,1
1,0,1,3,0,0,4,0
3,2,0,1,0,1,2,3
0,0,2,0,0,3,1,0
1,1,0,2,1,2,1,0
0,1,1,1,3,2,0,0
2,3,1,1,1,3,0,3
1,0,2,0,3,2,1,0
1,2,0,0,2,3,1,0
0,0,0,0,0,3,0,1
0,0,1,2,0,3,0,1
0,1,0,2,4,1,0,2
0,1,1,2,0,0,0,1
1,0,1,0,2,0,1,1
0,0,2,0,2,0,0,0
0,0,0,0,0,1,1,1
1,0,2,0,0,0,0,3
1,0,1,2,0,0,0,0
0,0,0,0,0,0,0,0
0,1,0,0,0,0,1,0
0,1,1,0,0,0,0,0
0,0,1,0,0,4,0,1
0,0,1,1,0,1,2,1
0,1,1,0,0,0,0,2
0,0,0,2,1,0,2,1
0,1,0,2,2,1,1,1
5,1,2,1,0,2,0,3
1,1,0,0,0,2,2,0
0,0,0,1,1,0,0,3
0,1,2,0,1,0,0,2
0,0,0,0,0,1,0,0
1,0,1,0,1,1,0,0
0,0,0,0,1,0,0,0
0,0,0,0,0,0,0,0
0,0,0,0,0,0,0,0
0,0,0,0,0,0,0,1
0,0,0,1,0,0,0,0
0,2,0,0,0,0,0,0
1,1,0,0,0,0,1,0
0,0,0,0,2,0,0,0
1,0,0,0,0,0,0,0
0,0,1,0,0,0,1,0
0,1,0,0,0,0,1,0
0,0,0,0,0,0,0,0
1,0,0,0,0,0,0,0
0,0,0,0,0,0,0,0
0,0,0,0,0,0,0,0
0,0,0,0,0,0,0,0
0,0,0,0,0,0,0,0
0,0,0,0,1,0,0,0
0,0,1,1,1,0,0,0
0,0,0,0,0,0,0,0
0,0,0,0,0,1,0,0
0,0,0,0,0,0,0,0
0,0,0,1,0,0,0,0
0,0,0,0,0,0,0,0
0,0,1,0,0,0,0,0
0,0,0,0,0,1,0,0
0,0,0,0,0,0,0,0
1,2,0,0,1,0,0,0
0,0,0,0,0,0,0,0
0,0,0,0,0,0,0,0
0,1,0,0,0,0,0,0
0,0,0,0,0,0,0,0
0,0,0,0,0,0,0,0
0,0,1,1,0,0,0,0
0,0,1,0,0,0,0,0
0,0,0,0,0,0,0,0
0,0,0,0,0,0,0,0
0,0,0,0,0,0,0,0
0,0,0,0,0,0,0,0
0,0,0,0,0,0,0,0
0,0,0,0,0,0,0,0
0,0,0,0,0,0,0,1
0,0,0,0,0,0,0,1
0,0,0,0,0,0,0,0
0,0,0,0,0,0,0,0
0,0,0,0,0,0,0,0
0,0,0,0,0,0,0,0
