# Converted file from inputfile Messung_12.CHN
# MCA number or Detector number: 1
# Segment number (set to 1 in UMCBI): 1
# ASCII seconds of start time: 12340
# Real Time (s): 120.000
# Live Time (s) : 119.660
# Start Date (DDMMMYY): 10JAN00
# Start time (HHMM): 2135
# Channel offset of data: 0
# Number of channels (length of data): 1024

# Data: 

0 	 0
1 	 0
2 	 0
3 	 0
4 	 0
5 	 0
6 	 0
7 	 0
8 	 5
9 	 16
10 	 37
11 	 70
12 	 95
13 	 88
14 	 99
15 	 87
16 	 105
17 	 118
18 	 131
19 	 133
20 	 126
21 	 109
22 	 121
23 	 133
24 	 126
25 	 120
26 	 125
27 	 138
28 	 146
29 	 145
30 	 130
31 	 126
32 	 128
33 	 118
34 	 144
35 	 155
36 	 141
37 	 126
38 	 159
39 	 148
40 	 136
41 	 151
42 	 128
43 	 167
44 	 158
45 	 151
46 	 162
47 	 167
48 	 138
49 	 143
50 	 146
51 	 180
52 	 155
53 	 161
54 	 166
55 	 166
56 	 175
57 	 173
58 	 186
59 	 175
60 	 170
61 	 154
62 	 155
63 	 181
64 	 193
65 	 169
66 	 186
67 	 151
68 	 175
69 	 188
70 	 175
71 	 193
72 	 196
73 	 185
74 	 178
75 	 195
76 	 188
77 	 215
78 	 217
79 	 223
80 	 208
81 	 221
82 	 201
83 	 233
84 	 203
85 	 209
86 	 185
87 	 203
88 	 206
89 	 203
90 	 216
91 	 176
92 	 203
93 	 190
94 	 195
95 	 189
96 	 216
97 	 204
98 	 211
99 	 187
100 	 170
101 	 196
102 	 203
103 	 169
104 	 206
105 	 167
106 	 174
107 	 195
108 	 194
109 	 174
110 	 186
111 	 172
112 	 169
113 	 148
114 	 177
115 	 153
116 	 164
117 	 159
118 	 165
119 	 160
120 	 162
121 	 157
122 	 153
123 	 186
124 	 167
125 	 198
126 	 181
127 	 175
128 	 150
129 	 153
130 	 162
131 	 175
132 	 185
133 	 163
134 	 155
135 	 179
136 	 168
137 	 171
138 	 175
139 	 177
140 	 173
141 	 161
142 	 188
143 	 170
144 	 163
145 	 159
146 	 125
147 	 166
148 	 161
149 	 148
150 	 169
151 	 153
152 	 172
153 	 179
154 	 165
155 	 167
156 	 145
157 	 212
158 	 194
159 	 159
160 	 179
161 	 155
162 	 172
163 	 192
164 	 196
165 	 159
166 	 173
167 	 147
168 	 170
169 	 171
170 	 147
171 	 178
172 	 176
173 	 171
174 	 166
175 	 188
176 	 162
177 	 175
178 	 187
179 	 217
180 	 176
181 	 170
182 	 162
183 	 183
184 	 178
185 	 213
186 	 192
187 	 169
188 	 194
189 	 164
190 	 178
191 	 176
192 	 176
193 	 141
194 	 170
195 	 152
196 	 156
197 	 136
198 	 121
199 	 127
200 	 121
201 	 106
202 	 106
203 	 109
204 	 100
205 	 92
206 	 85
207 	 74
208 	 74
209 	 80
210 	 84
211 	 80
212 	 66
213 	 60
214 	 59
215 	 72
216 	 67
217 	 78
218 	 70
219 	 76
220 	 58
221 	 76
222 	 62
223 	 50
224 	 56
225 	 54
226 	 55
227 	 58
228 	 46
229 	 72
230 	 53
231 	 54
232 	 48
233 	 56
234 	 50
235 	 55
236 	 49
237 	 52
238 	 49
239 	 52
240 	 55
241 	 60
242 	 75
243 	 57
244 	 55
245 	 62
246 	 59
247 	 62
248 	 51
249 	 59
250 	 60
251 	 72
252 	 64
253 	 83
254 	 81
255 	 76
256 	 96
257 	 102
258 	 105
259 	 122
260 	 138
261 	 186
262 	 205
263 	 241
264 	 300
265 	 317
266 	 426
267 	 435
268 	 552
269 	 528
270 	 683
271 	 810
272 	 834
273 	 885
274 	 967
275 	 1041
276 	 1168
277 	 1165
278 	 1249
279 	 1252
280 	 1282
281 	 1292
282 	 1281
283 	 1228
284 	 1193
285 	 1082
286 	 1087
287 	 914
288 	 880
289 	 792
290 	 712
291 	 623
292 	 539
293 	 452
294 	 416
295 	 359
296 	 266
297 	 215
298 	 211
299 	 143
300 	 107
301 	 87
302 	 57
303 	 42
304 	 44
305 	 19
306 	 16
307 	 18
308 	 9
309 	 6
310 	 5
311 	 8
312 	 1
313 	 1
314 	 3
315 	 2
316 	 1
317 	 0
318 	 1
319 	 2
320 	 2
321 	 1
322 	 0
323 	 3
324 	 1
325 	 1
326 	 3
327 	 0
328 	 4
329 	 1
330 	 1
331 	 1
332 	 1
333 	 2
334 	 0
335 	 1
336 	 3
337 	 1
338 	 0
339 	 1
340 	 2
341 	 2
342 	 0
343 	 0
344 	 2
345 	 1
346 	 0
347 	 0
348 	 0
349 	 1
350 	 2
351 	 1
352 	 3
353 	 2
354 	 1
355 	 1
356 	 0
357 	 2
358 	 0
359 	 0
360 	 0
361 	 1
362 	 1
363 	 2
364 	 2
365 	 4
366 	 0
367 	 1
368 	 0
369 	 2
370 	 0
371 	 1
372 	 1
373 	 2
374 	 0
375 	 2
376 	 1
377 	 0
378 	 0
379 	 0
380 	 0
381 	 0
382 	 1
383 	 2
384 	 0
385 	 0
386 	 2
387 	 0
388 	 1
389 	 1
390 	 3
391 	 1
392 	 3
393 	 2
394 	 2
395 	 0
396 	 0
397 	 2
398 	 1
399 	 2
400 	 1
401 	 2
402 	 0
403 	 0
404 	 0
405 	 0
406 	 1
407 	 0
408 	 1
409 	 0
410 	 1
411 	 0
412 	 0
413 	 1
414 	 2
415 	 1
416 	 1
417 	 1
418 	 1
419 	 1
420 	 2
421 	 0
422 	 1
423 	 2
424 	 0
425 	 0
426 	 0
427 	 0
428 	 2
429 	 0
430 	 2
431 	 0
432 	 0
433 	 1
434 	 0
435 	 1
436 	 0
437 	 1
438 	 0
439 	 0
440 	 2
441 	 0
442 	 1
443 	 0
444 	 1
445 	 2
446 	 1
447 	 0
448 	 1
449 	 1
450 	 0
451 	 0
452 	 0
453 	 0
454 	 1
455 	 1
456 	 1
457 	 0
458 	 2
459 	 1
460 	 0
461 	 0
462 	 0
463 	 1
464 	 0
465 	 3
466 	 3
467 	 0
468 	 1
469 	 2
470 	 0
471 	 0
472 	 0
473 	 0
474 	 1
475 	 1
476 	 0
477 	 1
478 	 1
479 	 1
480 	 1
481 	 0
482 	 0
483 	 0
484 	 0
485 	 0
486 	 0
487 	 1
488 	 1
489 	 1
490 	 0
491 	 0
492 	 3
493 	 2
494 	 0
495 	 0
496 	 1
497 	 0
498 	 0
499 	 0
500 	 0
501 	 1
502 	 1
503 	 0
504 	 0
505 	 1
506 	 1
507 	 1
508 	 2
509 	 2
510 	 0
511 	 1
512 	 1
513 	 1
514 	 0
515 	 0
516 	 1
517 	 1
518 	 1
519 	 0
520 	 0
521 	 0
522 	 0
523 	 0
524 	 0
525 	 0
526 	 1
527 	 0
528 	 0
529 	 0
530 	 0
531 	 0
532 	 0
533 	 0
534 	 0
535 	 0
536 	 0
537 	 0
538 	 1
539 	 0
540 	 0
541 	 0
542 	 1
543 	 0
544 	 0
545 	 0
546 	 2
547 	 0
548 	 0
549 	 0
550 	 1
551 	 0
552 	 0
553 	 0
554 	 0
555 	 0
556 	 0
557 	 2
558 	 0
559 	 0
560 	 1
561 	 0
562 	 0
563 	 0
564 	 1
565 	 2
566 	 1
567 	 0
568 	 1
569 	 1
570 	 0
571 	 0
572 	 0
573 	 0
574 	 1
575 	 0
576 	 0
577 	 2
578 	 0
579 	 0
580 	 0
581 	 0
582 	 0
583 	 0
584 	 1
585 	 1
586 	 1
587 	 0
588 	 1
589 	 0
590 	 2
591 	 0
592 	 1
593 	 2
594 	 0
595 	 0
596 	 2
597 	 2
598 	 1
599 	 4
600 	 0
601 	 1
602 	 1
603 	 2
604 	 2
605 	 0
606 	 1
607 	 0
608 	 2
609 	 0
610 	 1
611 	 0
612 	 2
613 	 0
614 	 1
615 	 0
616 	 1
617 	 1
618 	 2
619 	 1
620 	 1
621 	 0
622 	 0
623 	 0
624 	 0
625 	 1
626 	 0
627 	 0
628 	 0
629 	 0
630 	 0
631 	 0
632 	 0
633 	 0
634 	 0
635 	 0
636 	 0
637 	 0
638 	 0
639 	 0
640 	 0
641 	 0
642 	 0
643 	 0
644 	 0
645 	 0
646 	 0
647 	 0
648 	 0
649 	 1
650 	 1
651 	 0
652 	 0
653 	 0
654 	 0
655 	 1
656 	 0
657 	 0
658 	 0
659 	 0
660 	 0
661 	 1
662 	 0
663 	 0
664 	 1
665 	 0
666 	 0
667 	 0
668 	 0
669 	 0
670 	 1
671 	 0
672 	 0
673 	 0
674 	 1
675 	 0
676 	 0
677 	 0
678 	 0
679 	 0
680 	 0
681 	 0
682 	 0
683 	 0
684 	 0
685 	 0
686 	 0
687 	 0
688 	 0
689 	 0
690 	 0
691 	 0
692 	 0
693 	 0
694 	 0
695 	 0
696 	 1
697 	 0
698 	 0
699 	 0
700 	 1
701 	 0
702 	 0
703 	 0
704 	 0
705 	 0
706 	 0
707 	 0
708 	 0
709 	 0
710 	 1
711 	 0
712 	 0
713 	 0
714 	 0
715 	 0
716 	 0
717 	 0
718 	 0
719 	 0
720 	 0
721 	 0
722 	 0
723 	 0
724 	 0
725 	 1
726 	 0
727 	 1
728 	 0
729 	 0
730 	 1
731 	 0
732 	 0
733 	 0
734 	 0
735 	 0
736 	 0
737 	 0
738 	 0
739 	 0
740 	 0
741 	 0
742 	 0
743 	 1
744 	 0
745 	 0
746 	 0
747 	 0
748 	 0
749 	 0
750 	 0
751 	 2
752 	 0
753 	 0
754 	 0
755 	 0
756 	 0
757 	 1
758 	 0
759 	 0
760 	 0
761 	 0
762 	 0
763 	 0
764 	 0
765 	 0
766 	 0
767 	 0
768 	 0
769 	 0
770 	 0
771 	 0
772 	 0
773 	 0
774 	 0
775 	 0
776 	 0
777 	 0
778 	 0
779 	 0
780 	 0
781 	 0
782 	 0
783 	 0
784 	 0
785 	 0
786 	 0
787 	 0
788 	 0
789 	 0
790 	 1
791 	 1
792 	 0
793 	 0
794 	 0
795 	 0
796 	 0
797 	 0
798 	 0
799 	 0
800 	 0
801 	 0
802 	 0
803 	 0
804 	 0
805 	 0
806 	 0
807 	 0
808 	 0
809 	 0
810 	 0
811 	 1
812 	 0
813 	 0
814 	 0
815 	 0
816 	 0
817 	 0
818 	 0
819 	 0
820 	 0
821 	 1
822 	 0
823 	 0
824 	 0
825 	 0
826 	 0
827 	 1
828 	 0
829 	 0
830 	 1
831 	 0
832 	 0
833 	 0
834 	 0
835 	 0
836 	 0
837 	 0
838 	 0
839 	 0
840 	 0
841 	 0
842 	 0
843 	 0
844 	 0
845 	 0
846 	 0
847 	 1
848 	 0
849 	 0
850 	 0
851 	 0
852 	 0
853 	 0
854 	 0
855 	 1
856 	 0
857 	 0
858 	 0
859 	 0
860 	 0
861 	 0
862 	 0
863 	 1
864 	 0
865 	 0
866 	 0
867 	 0
868 	 0
869 	 0
870 	 0
871 	 0
872 	 0
873 	 0
874 	 0
875 	 0
876 	 0
877 	 0
878 	 1
879 	 0
880 	 0
881 	 0
882 	 0
883 	 0
884 	 0
885 	 0
886 	 0
887 	 0
888 	 0
889 	 0
890 	 0
891 	 0
892 	 0
893 	 0
894 	 0
895 	 0
896 	 0
897 	 0
898 	 0
899 	 0
900 	 0
901 	 0
902 	 0
903 	 0
904 	 0
905 	 0
906 	 0
907 	 0
908 	 0
909 	 0
910 	 1
911 	 0
912 	 0
913 	 0
914 	 0
915 	 1
916 	 0
917 	 0
918 	 0
919 	 0
920 	 1
921 	 0
922 	 0
923 	 0
924 	 0
925 	 0
926 	 0
927 	 0
928 	 0
929 	 0
930 	 0
931 	 0
932 	 0
933 	 0
934 	 0
935 	 0
936 	 0
937 	 0
938 	 0
939 	 0
940 	 0
941 	 0
942 	 0
943 	 0
944 	 0
945 	 0
946 	 0
947 	 1
948 	 0
949 	 0
950 	 0
951 	 0
952 	 0
953 	 0
954 	 0
955 	 0
956 	 0
957 	 0
958 	 0
959 	 0
960 	 0
961 	 0
962 	 0
963 	 0
964 	 0
965 	 0
966 	 0
967 	 0
968 	 0
969 	 0
970 	 0
971 	 0
972 	 0
973 	 0
974 	 0
975 	 0
976 	 0
977 	 0
978 	 0
979 	 0
980 	 0
981 	 0
982 	 0
983 	 0
984 	 0
985 	 0
986 	 0
987 	 0
988 	 0
989 	 0
990 	 1
991 	 0
992 	 0
993 	 0
994 	 0
995 	 0
996 	 0
997 	 0
998 	 0
999 	 0
1000 	 0
1001 	 0
1002 	 0
1003 	 0
1004 	 0
1005 	 0
1006 	 0
1007 	 0
1008 	 0
1009 	 0
1010 	 0
1011 	 0
1012 	 0
1013 	 0
1014 	 0
1015 	 0
1016 	 0
1017 	 0
1018 	 1
1019 	 0
1020 	 0
1021 	 0
1022 	 0
1023 	 0


# Energy calibration zero intercept, 0.0 for uncalibrated spectrum: 0.00000
# Energy calibration slope, 1.0 for uncalibrated spectrum: 0.00000
# Energy calibration quadratic term, 0.0 for uncalibrated spectrum: 0.00000
# Peak shape calibration zero intercept, 1.0 for uncalibrated spectrum: 1.00000
# Peak shape calibration slope, 0.0 for uncalibrated spectrum: 0.00000
# Peak shape calibration quadratic term, 0.0 for uncalibrated spectrum: 0.00000
# Detector description: 
# Sample description: 
