SpectrumName : Messung_5.SPC
XUnit        : 
YUnit        : 
Length       : 1024
SubSpcNum    : 1
StartSubSpc  : 0
StopSubSpc   : 0
Comment      : 
Realtime     : 120.000
Livetime     : 119.690
Deadtime     : 0.310
FastChannel  : 65420
Starttime    : 10.01.2000 20:47:19
Stoptime     : 10.01.2000 20:49:19
CalibCoeff   : a=0.000000000E+000 b=0.000000000E+000 c=0.000000000E+000 d=0.000000000E+000
SpectrumText : 0 
0,0,0,0,0,0,0,0
4,16,39,79,78,97,103,97
95,126,130,122,130,120,110,100
124,129,121,146,126,125,148,149
127,141,137,122,139,129,132,180
154,165,149,155,153,156,134,156
156,138,167,156,172,178,156,163
149,171,190,155,189,158,163,173
194,186,177,182,180,184,198,195
164,216,201,206,216,207,210,202
225,254,215,190,199,224,230,213
223,221,204,204,202,192,201,204
186,187,185,196,180,182,194,176
186,177,187,168,167,176,200,186
180,165,186,192,152,202,160,168
145,148,164,147,150,159,167,166
157,159,163,153,163,186,174,190
155,160,161,146,165,173,188,172
149,158,173,146,178,154,171,184
162,168,150,136,156,170,147,163
175,156,176,188,178,160,182,163
181,185,170,178,176,173,156,192
177,153,186,179,166,171,168,169
175,168,179,187,166,160,185,148
158,148,146,140,147,146,124,145
117,99,122,99,115,107,95,93
83,74,89,76,94,71,57,59
74,68,81,57,57,59,65,73
76,72,57,48,58,53,61,51
48,54,57,53,59,54,54,45
59,51,55,56,53,57,63,53
65,60,62,66,79,87,77,90
112,95,134,156,165,222,256,290
336,362,446,482,560,624,704,768
884,978,1001,1088,1150,1186,1273,1307
1272,1284,1176,1172,1171,1102,1021,890
821,786,652,616,514,437,329,285
238,204,159,119,88,85,56,44
28,20,11,9,7,3,1,5
2,4,2,2,0,2,2,3
2,0,2,0,1,2,2,2
2,0,2,2,2,0,2,0
1,0,1,0,0,0,1,1
0,0,2,1,1,0,1,0
0,1,2,1,0,4,3,0
1,1,0,0,0,0,2,1
2,2,2,1,3,2,2,3
2,1,0,0,3,2,0,3
1,2,0,0,1,2,2,1
0,0,3,1,0,1,0,0
0,3,0,2,1,0,0,1
0,0,0,0,3,1,0,2
1,0,1,2,2,1,0,0
0,0,1,1,2,0,0,1
3,1,1,0,0,0,0,2
1,1,1,2,0,0,1,0
0,3,0,0,2,0,1,0
1,0,1,2,1,2,0,1
0,2,0,2,0,0,0,2
1,2,0,1,1,0,1,0
1,1,1,1,0,1,1,1
3,1,2,1,1,1,1,0
0,2,0,0,2,0,0,1
1,2,2,0,0,0,0,0
1,2,0,1,0,0,0,0
0,1,0,0,2,1,1,0
1,0,1,0,0,0,0,3
0,0,0,0,0,2,0,1
0,0,0,1,1,2,0,0
1,0,0,2,1,0,0,0
1,0,0,0,0,0,0,0
0,0,2,1,1,1,0,0
1,1,1,1,0,0,2,0
0,2,3,0,0,2,0,2
4,0,0,0,1,1,3,0
1,0,1,1,0,2,2,1
2,1,2,2,0,1,0,1
1,1,0,1,0,0,1,0
0,1,0,0,0,1,1,0
1,0,0,0,0,0,0,0
0,1,0,0,0,0,0,0
0,0,0,0,0,0,0,0
0,0,0,0,0,0,0,0
0,1,0,0,0,0,0,0
0,0,1,1,0,2,0,0
1,0,0,0,0,0,1,0
0,0,0,0,0,0,0,1
0,0,0,0,0,0,0,0
0,0,0,0,1,0,0,0
0,1,1,0,0,0,0,0
0,0,0,0,0,0,1,0
0,0,0,0,1,0,0,0
0,0,0,0,0,0,0,0
0,0,0,0,0,0,0,0
0,0,1,0,0,0,0,0
0,0,0,0,0,1,0,1
0,0,0,0,0,0,0,1
1,0,0,0,0,0,0,0
0,0,0,0,0,0,0,0
0,1,0,0,0,0,0,0
1,1,0,0,0,0,0,0
0,0,1,0,1,0,0,1
0,0,0,0,0,0,0,0
0,0,0,0,0,0,1,0
0,0,0,0,0,0,0,0
0,0,0,0,0,0,0,0
0,0,0,0,0,1,0,0
0,0,0,0,0,0,0,0
0,0,0,0,0,0,0,0
0,0,0,0,0,0,0,0
0,0,0,0,1,0,0,0
0,0,0,0,0,0,0,0
1,0,0,0,0,0,0,1
0,0,0,0,0,0,0,0
0,0,0,0,0,0,0,0
0,0,0,1,0,0,0,0
0,0,0,0,0,0,0,0
0,0,0,0,0,0,0,0
0,1,0,1,0,0,0,0
0,0,0,0,0,0,0,0
0,0,0,0,0,0,0,0
0,0,0,0,0,0,0,0
0,0,0,0,0,0,0,0
0,0,0,0,0,0,0,0
0,0,0,0,0,0,0,0
0,1,0,0,0,0,1,0
0,0,0,0,0,0,0,0
0,0,0,0,0,0,0,0
