SpectrumName : Messung_8.SPC
XUnit        : 
YUnit        : 
Length       : 1024
SubSpcNum    : 1
StartSubSpc  : 0
StopSubSpc   : 0
Comment      : 
Realtime     : 120.000
Livetime     : 119.630
Deadtime     : 0.370
FastChannel  : 64318
Starttime    : 10.01.2000 21:19:37
Stoptime     : 10.01.2000 21:21:38
CalibCoeff   : a=0.000000000E+000 b=0.000000000E+000 c=0.000000000E+000 d=0.000000000E+000
SpectrumText : 0 
0,0,0,0,0,0,0,0
4,14,38,76,81,81,107,119
115,103,114,107,124,108,115,105
112,129,126,105,140,127,139,123
116,159,158,155,135,133,141,130
131,148,153,137,161,144,139,149
156,153,166,185,164,131,157,178
167,136,145,188,158,160,149,195
170,188,176,192,190,154,207,194
187,199,180,203,196,214,219,192
210,187,202,216,205,189,217,207
197,204,202,205,184,192,207,173
166,206,191,179,176,169,180,207
163,180,178,185,177,184,184,158
163,182,169,185,174,154,180,179
164,158,141,155,169,172,169,178
149,151,168,177,199,150,166,167
163,143,161,174,161,148,147,176
161,164,167,157,159,150,166,171
190,167,157,138,159,180,157,153
158,147,167,166,136,168,162,183
175,182,157,158,172,159,155,160
175,170,180,157,165,181,174,185
175,174,193,168,154,155,148,171
158,174,156,143,136,153,133,123
132,103,104,100,101,122,90,93
88,100,77,79,74,59,73,70
56,58,61,66,64,59,29,63
49,55,60,47,49,64,39,41
59,51,33,51,48,52,62,54
51,61,52,57,49,57,44,68
59,70,62,60,71,52,77,100
101,108,112,124,157,192,205,251
296,324,416,497,527,607,716,735
831,893,1032,1081,1137,1204,1225,1281
1254,1237,1236,1223,1201,1109,894,950
845,796,685,625,542,450,383,313
294,191,158,136,89,81,37,39
34,24,15,12,10,3,6,3
2,2,0,0,1,0,0,6
0,4,4,0,0,0,3,2
3,1,0,2,2,4,1,2
2,0,2,1,1,0,1,1
1,1,2,1,1,0,1,2
0,4,0,1,2,1,0,1
3,0,2,1,0,0,0,0
1,0,0,0,1,0,0,1
1,1,1,0,2,0,3,0
0,0,1,2,1,2,0,0
1,2,0,0,0,0,4,1
0,0,1,0,0,1,1,0
1,1,0,2,0,0,0,2
1,0,0,1,0,1,2,0
2,0,0,1,0,0,0,2
1,0,0,1,0,0,2,2
1,1,1,0,0,0,1,2
2,2,0,1,0,0,2,1
0,0,1,0,1,2,1,1
1,0,1,2,1,1,2,0
1,1,0,1,0,1,0,0
0,0,1,1,0,1,0,0
0,0,0,1,2,1,0,0
2,2,1,1,0,1,2,0
4,2,0,1,2,0,0,1
0,1,1,0,1,0,3,3
0,0,1,0,0,1,0,0
1,2,0,1,0,0,2,0
0,0,0,0,1,0,1,0
0,2,0,1,0,0,0,1
0,1,0,0,0,0,1,0
0,0,0,1,0,1,1,0
1,0,0,0,0,3,0,0
0,1,0,0,0,1,1,2
0,0,1,0,0,2,1,1
0,0,2,1,1,2,1,1
1,2,0,0,1,1,0,3
1,1,0,2,0,0,1,1
1,0,2,0,1,1,0,0
0,0,0,1,0,1,0,0
0,0,0,0,1,0,0,1
0,0,0,0,0,0,0,0
0,1,0,0,0,0,0,0
0,0,0,0,0,0,0,0
0,0,0,0,2,0,0,0
0,0,0,0,0,0,0,0
1,0,0,0,0,0,0,0
0,0,0,0,0,0,0,0
0,0,0,0,0,0,0,0
0,0,0,0,0,0,0,0
1,0,0,0,1,0,0,0
0,0,0,0,0,0,0,0
0,0,0,1,0,0,0,0
0,0,0,0,0,0,1,0
0,0,0,0,0,0,0,0
0,0,0,0,0,0,1,0
0,0,0,0,0,0,0,0
0,0,0,0,0,0,0,0
0,0,0,0,1,0,0,0
0,0,0,0,0,0,0,0
0,0,0,0,0,0,0,0
0,0,0,0,0,0,0,0
0,0,0,0,0,0,0,0
0,0,0,0,1,0,0,0
0,0,0,0,0,0,0,0
0,0,0,0,1,0,0,1
1,0,0,0,0,0,0,1
0,0,0,0,0,0,0,0
0,0,0,0,0,0,0,0
0,0,0,0,0,0,0,1
0,0,0,0,0,0,0,0
0,0,0,0,0,0,0,0
1,0,0,0,0,0,0,0
0,0,0,0,0,1,0,0
0,0,0,0,0,0,1,0
0,1,0,0,0,0,0,0
0,0,0,0,0,0,0,0
0,0,0,0,0,0,0,0
0,0,0,0,0,0,0,0
0,0,0,0,0,0,0,0
0,0,0,0,0,0,0,0
0,0,0,0,0,0,0,0
0,0,0,0,0,0,0,0
0,0,0,0,0,0,0,0
0,0,0,1,0,0,0,0
0,0,0,0,0,0,0,0
1,0,0,0,0,0,0,0
0,0,0,0,0,0,1,0
0,0,0,1,0,0,0,0
