SpectrumName : Messung_3.SPC
XUnit        : 
YUnit        : 
Length       : 1024
SubSpcNum    : 1
StartSubSpc  : 0
StopSubSpc   : 0
Comment      : 
Realtime     : 120.000
Livetime     : 119.600
Deadtime     : 0.400
FastChannel  : 65656
Starttime    : 10.01.2000 20:55:40
Stoptime     : 10.01.2000 20:57:40
CalibCoeff   : a=0.000000000E+000 b=0.000000000E+000 c=0.000000000E+000 d=0.000000000E+000
SpectrumText : 0 
0,0,0,0,0,0,0,0
4,12,34,79,91,98,97,113
131,130,123,98,147,125,106,121
124,134,124,134,131,147,135,127
129,136,123,145,131,130,130,154
151,148,155,139,152,146,169,175
156,156,171,165,158,158,166,168
159,159,177,160,169,182,175,156
189,206,180,201,184,159,169,187
197,182,200,227,183,201,190,220
236,212,210,218,209,203,204,205
198,215,202,192,193,186,187,191
177,179,209,206,191,183,180,179
194,171,182,206,176,184,162,176
170,173,190,186,166,177,180,187
159,162,181,183,192,145,170,193
181,172,170,175,177,158,171,169
148,152,177,156,149,185,166,163
166,185,167,162,146,163,149,136
160,186,156,166,162,161,140,177
140,177,162,157,166,176,162,150
153,162,161,173,172,201,172,181
161,168,160,167,204,169,187,189
175,189,175,175,158,197,159,160
177,158,164,140,145,131,104,104
112,124,110,90,92,94,90,80
92,61,78,73,62,53,68,75
68,66,52,67,59,46,45,52
56,63,60,53,66,58,60,56
49,58,51,63,59,59,59,56
52,64,48,50,69,56,51,58
52,60,86,69,94,82,91,98
105,105,109,127,190,177,209,253
314,395,424,529,593,670,696,803
838,906,1061,1137,1203,1261,1308,1270
1279,1262,1225,1181,1162,1125,1056,965
914,759,687,590,531,406,321,285
264,176,137,112,93,75,46,30
24,20,13,11,7,7,5,3
5,2,4,1,1,0,1,4
1,1,1,0,1,2,2,1
2,2,2,3,1,1,0,2
1,2,0,0,3,2,0,0
0,2,1,2,2,0,2,1
4,0,1,0,0,2,3,1
0,0,1,1,2,3,1,0
1,2,1,3,1,2,1,0
1,0,1,1,2,1,1,0
2,2,2,2,3,0,0,1
2,1,1,1,0,0,0,2
0,0,0,0,1,3,1,0
0,0,0,0,0,2,0,2
1,1,2,0,0,2,0,1
0,1,1,3,2,0,1,0
0,0,0,0,2,1,2,0
1,0,0,0,5,0,3,1
2,0,0,1,1,0,0,1
1,1,0,0,0,0,0,1
0,1,0,2,1,0,0,0
1,2,0,1,3,1,0,3
0,1,3,1,0,0,0,0
0,0,0,0,0,1,0,0
1,0,0,0,1,0,1,2
0,0,1,0,0,2,0,0
1,0,1,1,1,1,0,2
0,2,2,1,1,0,1,1
0,0,0,1,1,0,1,2
0,2,0,1,0,1,0,1
0,1,0,0,0,0,0,0
1,0,1,1,0,1,0,0
0,2,0,0,1,1,1,2
0,1,1,1,0,0,1,1
0,0,1,0,1,1,0,1
0,1,0,1,1,0,1,1
0,1,2,1,1,3,3,0
0,1,3,1,0,0,2,1
0,0,0,1,2,1,1,1
1,0,1,0,1,1,1,1
0,0,0,0,0,1,0,2
0,1,0,0,0,1,0,0
0,0,0,0,1,0,1,0
0,0,0,0,0,1,0,0
0,0,2,1,0,1,0,1
0,0,0,0,1,0,0,1
0,0,0,0,0,0,0,1
0,0,0,0,0,0,0,0
1,0,0,0,0,0,1,0
0,0,0,0,0,0,0,0
0,1,0,1,0,0,0,1
1,0,0,0,0,0,0,0
1,0,0,0,0,1,0,0
0,0,0,0,0,1,0,1
0,0,0,1,0,0,0,0
0,0,0,0,0,0,0,0
0,0,0,1,0,0,0,0
0,0,1,0,0,0,0,0
0,0,0,0,0,0,0,0
1,0,0,0,0,0,0,0
0,0,0,0,0,1,0,0
0,0,0,0,0,0,0,1
0,0,0,0,0,0,0,1
0,0,0,0,0,0,0,0
0,0,0,0,0,0,0,0
0,0,0,0,0,0,0,0
0,0,1,0,0,0,0,0
1,0,0,0,0,0,0,0
0,0,1,0,0,0,0,0
1,0,0,0,0,0,0,0
0,0,0,0,1,0,0,0
0,0,0,0,1,0,0,0
0,0,0,0,0,0,0,0
1,0,0,1,0,0,0,0
0,0,1,0,0,0,1,1
0,0,1,0,0,0,0,0
0,0,0,0,0,0,0,0
0,0,0,0,0,0,0,0
0,0,0,0,0,0,0,1
0,0,0,0,0,0,0,0
0,0,0,0,0,1,0,0
0,0,0,0,0,0,0,0
1,0,0,0,0,0,0,0
0,0,0,0,0,0,0,0
0,0,0,0,0,0,0,0
0,0,0,0,0,0,0,0
0,0,0,0,1,0,0,0
0,0,0,0,0,0,0,0
0,0,0,0,0,0,0,0
0,0,0,0,0,1,0,0
