# Converted file from inputfile Messung_11.CHN
# MCA number or Detector number: 1
# Segment number (set to 1 in UMCBI): 1
# ASCII seconds of start time: 13619
# Real Time (s): 120.000
# Live Time (s) : 119.580
# Start Date (DDMMMYY): 10JAN00
# Start time (HHMM): 2132
# Channel offset of data: 0
# Number of channels (length of data): 1024

# Data: 

0 	 0
1 	 1
2 	 0
3 	 0
4 	 0
5 	 0
6 	 0
7 	 0
8 	 5
9 	 19
10 	 40
11 	 65
12 	 70
13 	 82
14 	 93
15 	 97
16 	 114
17 	 131
18 	 113
19 	 124
20 	 142
21 	 128
22 	 118
23 	 131
24 	 139
25 	 118
26 	 136
27 	 135
28 	 115
29 	 113
30 	 141
31 	 148
32 	 163
33 	 129
34 	 149
35 	 136
36 	 153
37 	 141
38 	 133
39 	 152
40 	 144
41 	 130
42 	 146
43 	 156
44 	 145
45 	 148
46 	 148
47 	 136
48 	 141
49 	 163
50 	 166
51 	 148
52 	 160
53 	 174
54 	 193
55 	 187
56 	 175
57 	 178
58 	 180
59 	 181
60 	 158
61 	 158
62 	 172
63 	 192
64 	 187
65 	 177
66 	 152
67 	 187
68 	 198
69 	 192
70 	 187
71 	 205
72 	 192
73 	 189
74 	 226
75 	 206
76 	 183
77 	 224
78 	 236
79 	 228
80 	 206
81 	 223
82 	 218
83 	 224
84 	 199
85 	 209
86 	 210
87 	 216
88 	 191
89 	 191
90 	 195
91 	 195
92 	 189
93 	 194
94 	 185
95 	 197
96 	 175
97 	 215
98 	 195
99 	 188
100 	 191
101 	 170
102 	 155
103 	 195
104 	 172
105 	 180
106 	 198
107 	 207
108 	 182
109 	 176
110 	 171
111 	 163
112 	 202
113 	 183
114 	 180
115 	 161
116 	 146
117 	 188
118 	 142
119 	 170
120 	 161
121 	 179
122 	 198
123 	 148
124 	 169
125 	 187
126 	 159
127 	 168
128 	 170
129 	 165
130 	 144
131 	 173
132 	 165
133 	 156
134 	 160
135 	 160
136 	 162
137 	 182
138 	 157
139 	 174
140 	 159
141 	 186
142 	 167
143 	 159
144 	 184
145 	 140
146 	 184
147 	 161
148 	 188
149 	 161
150 	 151
151 	 183
152 	 170
153 	 166
154 	 135
155 	 170
156 	 187
157 	 181
158 	 173
159 	 161
160 	 188
161 	 172
162 	 157
163 	 188
164 	 196
165 	 160
166 	 172
167 	 159
168 	 151
169 	 180
170 	 178
171 	 148
172 	 187
173 	 189
174 	 191
175 	 171
176 	 196
177 	 158
178 	 176
179 	 181
180 	 169
181 	 203
182 	 169
183 	 164
184 	 134
185 	 162
186 	 177
187 	 172
188 	 137
189 	 168
190 	 158
191 	 192
192 	 158
193 	 154
194 	 166
195 	 152
196 	 136
197 	 132
198 	 142
199 	 111
200 	 117
201 	 124
202 	 110
203 	 104
204 	 101
205 	 98
206 	 88
207 	 99
208 	 67
209 	 89
210 	 71
211 	 74
212 	 66
213 	 76
214 	 61
215 	 67
216 	 63
217 	 73
218 	 73
219 	 63
220 	 57
221 	 57
222 	 57
223 	 69
224 	 62
225 	 56
226 	 51
227 	 47
228 	 56
229 	 53
230 	 60
231 	 59
232 	 65
233 	 60
234 	 60
235 	 39
236 	 50
237 	 68
238 	 60
239 	 51
240 	 58
241 	 49
242 	 46
243 	 71
244 	 45
245 	 56
246 	 51
247 	 61
248 	 68
249 	 60
250 	 57
251 	 56
252 	 60
253 	 76
254 	 77
255 	 102
256 	 101
257 	 104
258 	 121
259 	 123
260 	 164
261 	 197
262 	 249
263 	 267
264 	 313
265 	 381
266 	 390
267 	 433
268 	 521
269 	 610
270 	 681
271 	 757
272 	 820
273 	 884
274 	 985
275 	 1065
276 	 1197
277 	 1158
278 	 1287
279 	 1306
280 	 1242
281 	 1309
282 	 1241
283 	 1237
284 	 1222
285 	 1142
286 	 1095
287 	 994
288 	 855
289 	 858
290 	 696
291 	 626
292 	 506
293 	 468
294 	 379
295 	 298
296 	 265
297 	 204
298 	 164
299 	 139
300 	 103
301 	 96
302 	 63
303 	 56
304 	 33
305 	 25
306 	 13
307 	 14
308 	 10
309 	 4
310 	 4
311 	 2
312 	 2
313 	 4
314 	 2
315 	 3
316 	 0
317 	 3
318 	 2
319 	 4
320 	 1
321 	 0
322 	 2
323 	 0
324 	 2
325 	 0
326 	 5
327 	 1
328 	 2
329 	 3
330 	 1
331 	 0
332 	 1
333 	 2
334 	 0
335 	 1
336 	 1
337 	 1
338 	 0
339 	 0
340 	 2
341 	 2
342 	 3
343 	 1
344 	 2
345 	 3
346 	 0
347 	 0
348 	 1
349 	 0
350 	 2
351 	 1
352 	 1
353 	 0
354 	 0
355 	 1
356 	 1
357 	 1
358 	 1
359 	 0
360 	 0
361 	 1
362 	 3
363 	 1
364 	 3
365 	 2
366 	 0
367 	 1
368 	 0
369 	 0
370 	 2
371 	 1
372 	 0
373 	 3
374 	 0
375 	 1
376 	 1
377 	 0
378 	 2
379 	 0
380 	 2
381 	 0
382 	 0
383 	 1
384 	 0
385 	 1
386 	 0
387 	 2
388 	 2
389 	 1
390 	 1
391 	 2
392 	 1
393 	 1
394 	 0
395 	 1
396 	 0
397 	 0
398 	 0
399 	 2
400 	 1
401 	 3
402 	 2
403 	 1
404 	 1
405 	 2
406 	 2
407 	 1
408 	 1
409 	 0
410 	 0
411 	 3
412 	 1
413 	 0
414 	 2
415 	 1
416 	 1
417 	 0
418 	 1
419 	 2
420 	 0
421 	 3
422 	 3
423 	 1
424 	 0
425 	 0
426 	 0
427 	 0
428 	 0
429 	 0
430 	 0
431 	 2
432 	 0
433 	 2
434 	 0
435 	 1
436 	 0
437 	 0
438 	 0
439 	 0
440 	 0
441 	 1
442 	 0
443 	 0
444 	 3
445 	 1
446 	 1
447 	 0
448 	 0
449 	 2
450 	 0
451 	 1
452 	 1
453 	 1
454 	 0
455 	 0
456 	 0
457 	 1
458 	 1
459 	 1
460 	 1
461 	 1
462 	 0
463 	 2
464 	 2
465 	 1
466 	 0
467 	 2
468 	 0
469 	 2
470 	 1
471 	 1
472 	 2
473 	 0
474 	 1
475 	 1
476 	 0
477 	 3
478 	 2
479 	 0
480 	 0
481 	 1
482 	 1
483 	 0
484 	 0
485 	 0
486 	 0
487 	 1
488 	 2
489 	 0
490 	 0
491 	 1
492 	 2
493 	 0
494 	 1
495 	 2
496 	 0
497 	 2
498 	 1
499 	 0
500 	 0
501 	 1
502 	 0
503 	 0
504 	 0
505 	 2
506 	 1
507 	 0
508 	 1
509 	 2
510 	 1
511 	 0
512 	 1
513 	 0
514 	 2
515 	 2
516 	 1
517 	 1
518 	 0
519 	 2
520 	 0
521 	 2
522 	 1
523 	 1
524 	 0
525 	 0
526 	 0
527 	 0
528 	 0
529 	 1
530 	 0
531 	 1
532 	 0
533 	 0
534 	 0
535 	 0
536 	 1
537 	 1
538 	 0
539 	 0
540 	 0
541 	 0
542 	 0
543 	 0
544 	 0
545 	 0
546 	 0
547 	 0
548 	 0
549 	 0
550 	 0
551 	 1
552 	 1
553 	 0
554 	 0
555 	 0
556 	 0
557 	 0
558 	 0
559 	 0
560 	 1
561 	 1
562 	 0
563 	 0
564 	 0
565 	 1
566 	 2
567 	 0
568 	 0
569 	 0
570 	 0
571 	 0
572 	 0
573 	 1
574 	 0
575 	 3
576 	 1
577 	 1
578 	 1
579 	 0
580 	 0
581 	 0
582 	 1
583 	 1
584 	 0
585 	 0
586 	 0
587 	 0
588 	 0
589 	 2
590 	 1
591 	 0
592 	 1
593 	 1
594 	 1
595 	 0
596 	 1
597 	 2
598 	 1
599 	 3
600 	 2
601 	 1
602 	 1
603 	 4
604 	 2
605 	 0
606 	 1
607 	 0
608 	 0
609 	 0
610 	 2
611 	 0
612 	 1
613 	 1
614 	 1
615 	 1
616 	 1
617 	 0
618 	 3
619 	 1
620 	 1
621 	 1
622 	 0
623 	 0
624 	 0
625 	 0
626 	 2
627 	 1
628 	 0
629 	 1
630 	 1
631 	 0
632 	 0
633 	 0
634 	 0
635 	 0
636 	 0
637 	 0
638 	 0
639 	 0
640 	 1
641 	 1
642 	 0
643 	 0
644 	 0
645 	 0
646 	 0
647 	 0
648 	 0
649 	 0
650 	 0
651 	 0
652 	 0
653 	 0
654 	 0
655 	 1
656 	 0
657 	 1
658 	 0
659 	 0
660 	 1
661 	 1
662 	 0
663 	 0
664 	 1
665 	 0
666 	 0
667 	 0
668 	 0
669 	 0
670 	 0
671 	 0
672 	 1
673 	 0
674 	 3
675 	 0
676 	 0
677 	 1
678 	 0
679 	 1
680 	 0
681 	 0
682 	 0
683 	 0
684 	 0
685 	 0
686 	 0
687 	 0
688 	 0
689 	 0
690 	 0
691 	 0
692 	 0
693 	 0
694 	 0
695 	 0
696 	 0
697 	 0
698 	 0
699 	 0
700 	 0
701 	 0
702 	 0
703 	 0
704 	 0
705 	 1
706 	 0
707 	 0
708 	 0
709 	 0
710 	 0
711 	 0
712 	 0
713 	 1
714 	 0
715 	 0
716 	 0
717 	 0
718 	 0
719 	 0
720 	 0
721 	 0
722 	 0
723 	 1
724 	 1
725 	 0
726 	 0
727 	 0
728 	 0
729 	 0
730 	 1
731 	 0
732 	 0
733 	 1
734 	 0
735 	 0
736 	 1
737 	 0
738 	 0
739 	 1
740 	 0
741 	 0
742 	 0
743 	 0
744 	 0
745 	 0
746 	 1
747 	 1
748 	 0
749 	 0
750 	 0
751 	 0
752 	 0
753 	 0
754 	 0
755 	 0
756 	 0
757 	 0
758 	 0
759 	 0
760 	 0
761 	 0
762 	 0
763 	 0
764 	 0
765 	 0
766 	 0
767 	 1
768 	 0
769 	 0
770 	 0
771 	 0
772 	 1
773 	 0
774 	 0
775 	 0
776 	 0
777 	 0
778 	 0
779 	 0
780 	 0
781 	 0
782 	 0
783 	 0
784 	 0
785 	 0
786 	 0
787 	 1
788 	 0
789 	 1
790 	 0
791 	 0
792 	 0
793 	 0
794 	 0
795 	 0
796 	 0
797 	 0
798 	 0
799 	 0
800 	 0
801 	 0
802 	 0
803 	 0
804 	 0
805 	 0
806 	 0
807 	 0
808 	 0
809 	 0
810 	 0
811 	 0
812 	 0
813 	 0
814 	 0
815 	 1
816 	 0
817 	 0
818 	 0
819 	 0
820 	 0
821 	 0
822 	 0
823 	 1
824 	 0
825 	 0
826 	 0
827 	 0
828 	 0
829 	 0
830 	 0
831 	 0
832 	 0
833 	 0
834 	 0
835 	 0
836 	 0
837 	 0
838 	 0
839 	 0
840 	 0
841 	 0
842 	 0
843 	 0
844 	 0
845 	 0
846 	 0
847 	 0
848 	 1
849 	 0
850 	 0
851 	 1
852 	 0
853 	 0
854 	 0
855 	 0
856 	 0
857 	 0
858 	 1
859 	 0
860 	 0
861 	 0
862 	 0
863 	 0
864 	 0
865 	 0
866 	 0
867 	 0
868 	 0
869 	 0
870 	 0
871 	 0
872 	 0
873 	 0
874 	 0
875 	 0
876 	 0
877 	 0
878 	 0
879 	 1
880 	 0
881 	 1
882 	 0
883 	 0
884 	 0
885 	 0
886 	 0
887 	 0
888 	 0
889 	 0
890 	 0
891 	 0
892 	 0
893 	 0
894 	 0
895 	 0
896 	 0
897 	 0
898 	 0
899 	 0
900 	 0
901 	 0
902 	 0
903 	 0
904 	 0
905 	 0
906 	 0
907 	 0
908 	 0
909 	 0
910 	 0
911 	 0
912 	 0
913 	 0
914 	 0
915 	 0
916 	 0
917 	 0
918 	 1
919 	 0
920 	 0
921 	 0
922 	 0
923 	 0
924 	 1
925 	 0
926 	 0
927 	 0
928 	 0
929 	 0
930 	 0
931 	 0
932 	 0
933 	 0
934 	 0
935 	 0
936 	 0
937 	 1
938 	 0
939 	 0
940 	 0
941 	 0
942 	 0
943 	 0
944 	 0
945 	 0
946 	 0
947 	 0
948 	 0
949 	 0
950 	 0
951 	 0
952 	 0
953 	 0
954 	 0
955 	 0
956 	 0
957 	 0
958 	 0
959 	 0
960 	 0
961 	 0
962 	 0
963 	 0
964 	 0
965 	 0
966 	 0
967 	 0
968 	 0
969 	 0
970 	 0
971 	 0
972 	 0
973 	 0
974 	 0
975 	 0
976 	 0
977 	 0
978 	 0
979 	 0
980 	 0
981 	 0
982 	 0
983 	 0
984 	 0
985 	 0
986 	 0
987 	 0
988 	 0
989 	 0
990 	 0
991 	 0
992 	 1
993 	 0
994 	 0
995 	 0
996 	 0
997 	 0
998 	 0
999 	 0
1000 	 0
1001 	 0
1002 	 0
1003 	 0
1004 	 0
1005 	 0
1006 	 0
1007 	 0
1008 	 0
1009 	 0
1010 	 0
1011 	 0
1012 	 0
1013 	 0
1014 	 0
1015 	 0
1016 	 1
1017 	 0
1018 	 0
1019 	 0
1020 	 0
1021 	 0
1022 	 0
1023 	 0


# Energy calibration zero intercept, 0.0 for uncalibrated spectrum: 0.00000
# Energy calibration slope, 1.0 for uncalibrated spectrum: 0.00000
# Energy calibration quadratic term, 0.0 for uncalibrated spectrum: 0.00000
# Peak shape calibration zero intercept, 1.0 for uncalibrated spectrum: 1.00000
# Peak shape calibration slope, 0.0 for uncalibrated spectrum: 0.00000
# Peak shape calibration quadratic term, 0.0 for uncalibrated spectrum: 0.00000
# Detector description: 
# Sample description: 
