SpectrumName : Messung_10.SPC
XUnit        : 
YUnit        : 
Length       : 1024
SubSpcNum    : 1
StartSubSpc  : 0
StopSubSpc   : 0
Comment      : 
Realtime     : 120.000
Livetime     : 119.640
Deadtime     : 0.360
FastChannel  : 65316
Starttime    : 10.01.2000 21:27:25
Stoptime     : 10.01.2000 21:29:25
CalibCoeff   : a=0.000000000E+000 b=0.000000000E+000 c=0.000000000E+000 d=0.000000000E+000
SpectrumText : 0 
0,2,0,0,0,0,0,0
3,13,48,72,80,80,109,99
107,99,127,135,117,129,127,111
111,133,128,125,117,126,127,141
120,144,127,119,160,122,128,150
133,129,121,137,134,145,196,149
178,149,178,168,172,169,148,171
183,162,163,157,172,196,162,187
201,197,166,184,179,159,148,198
185,213,205,188,203,204,221,199
226,210,195,225,196,238,214,232
214,196,204,208,203,184,198,200
207,207,190,195,226,184,182,205
197,197,202,186,174,152,183,178
165,188,195,183,177,180,181,166
187,155,180,176,161,179,175,164
179,173,188,159,155,191,177,177
156,143,189,172,159,169,151,157
179,155,194,167,161,171,155,176
160,146,174,169,163,154,139,146
174,175,153,162,174,153,164,169
160,165,170,159,180,157,186,182
181,172,172,150,180,194,182,201
146,167,191,154,171,180,169,189
154,184,145,165,152,116,127,127
121,107,119,106,91,108,103,91
80,88,79,84,67,64,82,60
73,65,60,53,60,65,54,53
58,60,52,60,58,54,46,46
50,66,53,50,58,55,45,40
53,46,58,55,47,50,51,52
72,60,62,50,81,69,72,81
84,95,112,137,170,173,202,264
270,341,389,445,496,619,667,786
834,873,1046,1036,1163,1209,1273,1291
1294,1291,1285,1220,1186,1161,1046,978
822,774,606,577,556,477,385,329
254,198,170,141,102,79,54,39
40,39,16,17,10,5,5,4
0,2,0,0,1,1,0,3
1,3,0,1,1,3,1,1
1,1,1,1,0,2,1,2
0,2,2,2,4,0,1,0
1,0,1,3,1,2,2,2
0,1,0,0,0,2,1,0
2,0,2,1,1,0,2,0
1,0,2,0,2,2,0,0
0,0,1,1,2,1,1,0
1,1,1,0,0,0,0,0
0,2,0,0,1,2,1,1
2,0,1,2,0,1,2,1
1,3,1,1,0,2,1,1
0,2,1,1,0,2,0,3
1,1,0,0,1,0,0,0
1,0,0,0,2,1,1,2
1,0,2,2,3,3,1,0
0,1,0,1,1,1,0,4
0,1,1,1,0,3,1,0
0,3,0,0,1,0,2,0
0,0,1,1,0,0,1,1
1,1,1,2,1,0,0,0
0,1,1,1,0,0,0,0
0,0,0,1,1,0,0,0
0,0,0,0,0,0,1,0
0,0,0,0,1,0,0,0
0,0,1,0,0,1,0,0
0,0,0,1,0,1,0,1
0,0,0,1,0,1,1,0
0,1,0,0,0,0,0,0
0,1,0,0,0,1,2,0
0,0,0,1,0,0,0,0
0,2,0,1,1,1,0,0
0,1,0,1,0,1,0,0
2,1,2,2,2,2,2,1
1,3,0,1,2,1,1,1
1,1,1,0,0,0,0,0
0,0,2,1,0,2,1,2
2,1,0,0,0,1,1,0
0,0,0,0,0,0,0,0
1,0,0,1,0,1,0,0
0,1,0,0,0,0,1,0
0,1,0,0,0,0,0,0
0,0,0,0,0,1,2,0
1,0,0,0,0,0,0,0
0,0,0,0,0,0,0,1
0,0,0,0,0,0,0,0
0,1,0,2,0,0,1,0
0,1,0,0,0,0,0,0
0,0,0,0,0,1,0,0
1,0,0,0,0,0,1,0
0,0,0,1,0,0,0,0
0,0,0,0,0,0,0,0
0,0,0,0,0,0,0,0
0,0,0,0,0,0,0,0
0,0,0,0,0,0,0,0
0,0,0,0,0,0,0,0
0,0,1,0,0,0,0,0
0,0,0,0,0,0,0,1
0,0,0,0,0,0,0,0
0,0,0,1,0,0,0,0
0,0,0,0,0,0,0,0
0,1,0,0,0,0,0,0
0,0,0,0,0,1,0,0
0,0,0,0,1,0,0,0
0,0,0,0,0,0,0,0
0,0,0,0,0,0,0,0
1,0,0,0,0,0,0,0
0,0,0,0,0,0,0,0
0,0,0,0,0,0,0,0
0,1,0,0,0,0,1,0
2,0,0,1,0,0,0,0
0,0,0,0,1,0,0,0
0,0,0,0,0,1,0,0
1,0,0,0,0,0,0,0
0,1,0,0,0,0,0,0
0,0,0,0,0,0,0,0
0,1,0,0,0,0,0,0
0,1,0,0,0,0,0,0
0,0,0,0,0,0,0,0
0,0,0,0,0,0,0,0
0,0,0,0,0,0,0,0
0,0,0,0,0,0,0,0
0,0,0,0,1,0,0,0
0,0,0,0,0,0,0,0
0,0,0,0,0,1,0,0
0,0,0,0,0,0,0,0
0,0,0,0,0,0,0,0
0,0,0,0,0,0,0,0
