SpectrumName : Messung_11.SPC
XUnit        : 
YUnit        : 
Length       : 1024
SubSpcNum    : 1
StartSubSpc  : 0
StopSubSpc   : 0
Comment      : 
Realtime     : 330.000
Livetime     : 328.480
Deadtime     : 1.520
FastChannel  : 12434
Starttime    : 10.01.2000 23:59:14
Stoptime     : 11.01.2000 00:04:45
CalibCoeff   : a=0.000000000E+000 b=0.000000000E+000 c=0.000000000E+000 d=0.000000000E+000
SpectrumText : 0 
0,0,0,0,0,0,0,0
1,2,9,8,13,21,16,12
24,22,26,21,21,20,22,20
36,23,28,36,22,32,33,30
30,32,33,33,27,46,48,32
32,41,40,53,52,50,46,53
56,54,44,59,50,54,60,55
67,56,67,65,69,76,77,68
61,66,71,79,61,62,54,62
70,70,75,61,56,51,49,51
47,68,67,60,58,59,65,53
48,47,51,42,47,47,53,43
66,54,60,42,42,43,56,40
51,39,46,46,38,39,54,51
50,36,42,41,47,34,33,40
28,39,36,36,36,36,42,35
36,30,46,54,37,47,35,34
25,33,37,29,28,27,41,26
36,35,29,48,30,24,25,38
41,32,24,32,36,24,38,33
23,23,25,28,20,31,33,21
24,15,26,25,27,28,21,28
26,26,34,32,15,27,28,23
15,23,30,32,21,22,17,20
24,22,27,19,20,28,15,15
19,15,13,20,16,17,10,18
16,8,20,23,14,13,13,17
19,9,13,8,8,11,13,13
7,8,18,10,10,7,10,17
10,11,10,9,14,8,14,11
9,11,16,12,15,9,12,9
13,11,15,14,21,20,18,15
25,15,17,19,29,30,28,28
44,55,56,49,61,82,81,75
100,98,110,116,141,106,118,136
127,130,110,109,111,105,86,84
77,66,75,57,34,36,28,20
18,21,17,13,6,4,11,6
8,6,3,4,2,3,5,6
1,0,3,1,4,5,4,9
4,3,3,3,1,2,3,4
4,5,3,3,3,3,8,3
1,4,2,5,5,3,1,3
6,2,4,5,2,3,2,2
4,2,1,3,6,2,3,1
5,3,3,3,1,5,1,3
4,3,2,2,3,3,1,6
8,1,5,2,2,3,2,2
3,0,3,7,4,2,0,1
4,2,2,3,2,4,6,2
3,4,3,2,1,2,2,0
3,2,1,3,3,5,3,2
4,7,4,2,4,0,2,2
3,1,2,4,0,5,3,4
2,1,3,5,0,3,3,2
3,2,1,1,2,2,3,2
3,2,1,3,3,0,5,2
3,0,4,3,8,0,1,3
1,0,4,2,3,1,2,4
1,1,1,4,3,3,1,1
2,2,2,2,1,1,0,1
1,1,0,3,1,4,2,4
2,1,1,2,0,0,1,1
1,1,0,2,5,1,0,3
2,4,1,0,0,0,0,0
1,0,1,1,1,1,1,0
0,3,1,2,1,1,0,2
0,1,1,0,2,0,1,1
0,1,1,1,2,1,0,2
2,1,2,0,1,1,0,0
2,2,0,0,0,0,0,0
2,1,2,2,5,2,3,4
1,2,0,2,4,2,0,1
2,1,3,3,3,4,3,3
6,2,1,1,2,5,2,1
3,1,6,3,4,0,1,0
2,6,2,3,3,2,1,2
2,1,1,3,0,2,0,0
3,0,0,0,0,0,0,1
1,0,1,0,1,1,0,1
1,0,0,1,0,0,0,2
0,1,0,0,0,2,0,1
1,1,0,0,0,0,1,2
1,1,0,0,0,2,0,0
0,0,0,1,1,1,0,0
2,0,0,1,0,0,0,0
1,0,2,1,0,1,1,0
1,0,1,0,0,1,2,0
0,0,0,0,0,1,0,0
0,0,1,1,2,0,1,0
0,2,0,0,0,1,0,1
0,0,0,1,1,0,0,0
0,0,0,0,0,0,0,3
1,0,0,0,0,0,0,0
0,0,0,0,0,0,0,1
0,0,0,0,0,0,0,0
0,1,0,1,0,0,0,0
1,0,1,0,1,0,0,0
1,0,0,0,1,0,0,0
0,0,0,0,0,0,1,0
0,0,0,0,0,0,0,1
0,0,0,0,0,0,0,0
0,1,0,0,0,0,0,0
0,0,0,0,1,0,0,0
0,0,0,0,0,1,0,0
0,0,0,1,0,0,0,1
0,2,0,0,0,0,0,0
1,0,0,1,1,0,1,1
0,0,0,0,0,0,0,0
0,0,0,0,0,1,1,0
0,0,0,0,0,1,0,0
0,0,0,0,1,0,1,1
0,1,1,1,0,0,0,0
1,0,0,0,0,2,0,0
0,0,1,0,0,0,0,0
0,0,0,0,1,0,0,0
0,1,1,0,0,0,0,2
0,0,0,0,0,0,0,0
0,0,0,0,0,1,0,0
0,0,0,1,0,1,0,0
0,0,0,0,0,0,0,0
0,0,0,1,0,0,0,0
0,0,0,0,0,1,0,0
0,0,1,2,0,0,1,0
0,0,0,0,0,0,1,0
0,0,0,0,0,0,0,0
0,0,0,0,0,0,0,0
0,0,2,1,0,0,0,0
