SpectrumName : Messung_7.SPC
XUnit        : 
YUnit        : 
Length       : 1024
SubSpcNum    : 1
StartSubSpc  : 0
StopSubSpc   : 0
Comment      : 
Realtime     : 330.000
Livetime     : 328.040
Deadtime     : 1.960
FastChannel  : 12768
Starttime    : 10.01.2000 23:23:15
Stoptime     : 10.01.2000 23:28:46
CalibCoeff   : a=0.000000000E+000 b=0.000000000E+000 c=0.000000000E+000 d=0.000000000E+000
SpectrumText : 0 
0,0,0,0,0,0,0,0
1,2,7,8,13,19,18,15
23,22,28,22,23,26,15,30
26,32,25,34,25,23,39,30
27,27,35,41,29,28,37,31
48,47,38,39,38,45,62,54
47,72,44,77,64,64,66,58
68,64,65,60,73,62,55,63
60,51,65,73,75,58,70,71
68,72,77,72,74,54,66,62
71,66,58,62,50,66,73,49
54,63,46,56,52,44,49,46
53,41,47,66,63,44,38,51
57,55,45,47,49,45,38,46
57,50,38,39,40,48,31,45
39,39,52,33,41,32,48,50
39,30,37,24,42,31,42,30
35,32,35,33,27,30,31,30
29,27,36,39,27,31,32,36
31,33,25,27,31,26,26,30
32,35,23,22,41,25,29,17
25,28,26,24,20,29,21,27
30,28,27,16,20,18,25,25
31,27,21,22,19,20,21,21
19,27,20,28,26,24,16,17
18,17,19,20,16,10,22,16
22,12,13,8,15,14,10,11
11,19,16,14,17,12,9,14
13,11,10,15,8,14,18,9
10,10,10,9,13,12,13,13
13,14,11,9,17,16,13,13
13,14,10,14,15,16,19,18
23,16,16,23,33,40,31,41
60,45,51,61,72,83,80,110
96,121,112,103,137,136,113,130
148,116,136,122,110,97,82,81
54,65,58,47,51,44,32,23
17,19,17,12,6,6,6,7
5,5,7,6,10,6,4,3
0,3,6,5,6,3,7,4
5,5,2,1,4,7,4,3
3,4,2,1,0,4,1,3
3,5,5,3,4,3,2,1
5,4,2,5,6,2,1,0
1,7,2,5,4,7,5,2
4,3,3,4,1,3,2,5
5,1,2,3,3,2,2,2
5,5,7,2,3,3,2,4
1,1,1,2,2,3,4,2
3,1,3,0,2,1,4,5
4,0,1,6,2,6,2,4
5,4,4,1,3,0,2,3
2,3,1,2,3,1,3,2
3,2,3,0,2,4,0,2
1,1,2,2,0,1,2,3
1,5,3,2,3,1,4,1
1,1,3,3,3,2,1,4
3,2,1,2,2,5,2,5
4,0,0,1,3,5,0,0
2,3,2,1,1,0,6,2
4,2,2,1,1,1,4,0
0,1,1,1,2,3,1,1
2,5,2,1,1,1,2,2
0,3,4,1,0,1,0,2
3,1,0,0,2,0,2,2
2,2,0,2,1,0,2,0
1,1,1,0,1,0,3,0
1,3,3,0,0,1,2,2
1,0,1,2,0,3,1,0
1,1,3,0,0,1,0,0
0,1,2,0,1,1,1,3
5,1,4,0,2,1,1,1
3,2,1,4,0,0,1,0
3,4,2,2,0,2,2,2
2,2,3,2,2,2,4,4
0,4,2,2,3,1,3,3
2,4,4,1,0,0,1,1
3,3,1,1,1,0,0,1
2,2,0,0,1,1,2,0
0,0,1,1,1,0,0,0
0,1,2,0,2,1,0,1
1,0,0,1,1,1,0,0
0,0,1,0,0,0,2,1
0,1,0,0,2,0,1,0
1,0,0,0,0,2,0,1
1,1,1,1,0,0,0,1
1,0,0,0,0,0,0,0
1,0,1,0,0,1,0,0
2,1,0,1,0,1,1,0
1,2,0,0,0,1,1,1
0,1,0,1,0,1,2,0
1,1,0,0,0,0,0,0
0,0,0,0,0,0,0,0
0,1,0,0,0,0,1,0
0,0,0,0,1,0,0,0
0,0,0,1,1,0,0,0
0,0,0,0,0,0,0,0
0,0,0,0,0,0,0,0
0,0,0,0,1,0,0,0
0,0,0,0,0,2,0,0
1,0,0,0,1,0,1,0
0,0,0,0,0,0,0,0
0,1,0,1,0,0,1,0
0,1,0,0,0,0,1,0
0,0,0,1,1,1,0,0
0,0,0,0,1,0,0,0
0,1,1,1,0,0,1,0
0,0,1,0,1,1,0,0
0,2,0,0,0,1,0,0
0,0,0,1,0,1,0,0
0,0,0,0,0,0,0,2
0,0,0,0,0,1,0,0
1,0,0,0,0,0,0,0
0,1,1,0,2,0,0,0
0,0,1,0,0,0,0,0
0,0,0,0,0,0,0,1
1,0,0,0,0,0,1,0
1,0,0,0,0,0,0,0
0,0,0,0,0,0,0,1
0,0,0,0,0,0,0,0
0,0,0,0,1,0,0,0
1,0,0,0,0,0,1,0
0,0,0,0,0,1,1,0
1,0,0,1,0,0,0,0
0,0,0,0,0,0,0,0
0,1,0,0,0,0,0,0
0,1,0,0,0,1,0,0
0,0,0,1,0,1,1,0
