SpectrumName : Messung_5.SPC
XUnit        : 
YUnit        : 
Length       : 1024
SubSpcNum    : 1
StartSubSpc  : 0
StopSubSpc   : 0
Comment      : 
Realtime     : 330.000
Livetime     : 328.610
Deadtime     : 1.390
FastChannel  : 12016
Starttime    : 10.01.2000 23:06:53
Stoptime     : 10.01.2000 23:12:24
CalibCoeff   : a=0.000000000E+000 b=0.000000000E+000 c=0.000000000E+000 d=0.000000000E+000
SpectrumText : 0 
0,0,1,0,0,0,0,0
1,1,2,9,14,11,14,15
19,18,23,22,12,21,26,20
24,32,22,28,25,28,21,37
38,34,42,29,38,38,35,35
33,34,32,35,42,43,50,60
41,64,54,51,57,54,49,63
50,54,67,65,47,70,62,82
68,64,61,59,71,61,67,64
60,69,53,73,54,65,76,55
62,46,45,45,52,57,60,52
53,71,56,51,55,65,35,62
47,48,46,50,47,55,55,43
40,49,52,39,45,43,49,50
30,58,39,39,41,34,37,39
50,36,35,36,43,36,30,46
28,28,33,38,36,35,22,31
30,31,41,25,36,38,24,31
17,21,28,38,24,28,35,28
17,27,30,22,36,30,25,17
27,20,26,24,27,34,26,28
32,28,25,31,21,26,29,20
32,21,23,24,30,24,22,23
26,24,24,20,14,18,26,23
25,18,14,11,20,23,21,14
17,17,17,19,13,10,18,12
18,13,15,8,15,15,12,10
14,10,17,14,15,7,7,11
12,9,6,9,13,9,13,11
13,10,12,8,12,13,13,8
11,9,25,18,10,12,14,10
10,10,17,13,15,13,12,15
16,27,20,21,31,24,35,42
35,40,59,60,57,70,71,87
91,78,110,117,131,114,115,128
105,125,120,119,102,88,89,73
77,79,44,51,42,31,28,29
11,15,19,13,7,5,9,4
5,5,8,1,7,3,4,2
1,2,3,0,4,3,5,2
8,4,4,4,6,5,4,2
6,4,5,5,7,4,3,2
5,1,4,2,5,0,2,4
5,6,4,2,4,5,3,4
1,4,4,4,8,5,3,0
2,2,4,4,4,3,2,6
5,1,2,3,2,1,3,3
3,2,3,4,3,2,1,2
1,2,3,4,5,6,6,1
5,4,4,2,3,1,1,2
2,4,5,3,4,6,4,1
3,1,5,7,1,0,4,0
0,1,1,1,1,2,5,1
2,0,5,4,2,2,3,0
2,0,2,4,1,1,1,4
0,1,2,1,3,2,3,3
3,2,2,1,2,0,3,3
4,1,3,3,2,1,3,4
7,3,0,3,3,2,4,5
1,2,4,2,4,0,1,5
0,5,2,3,2,1,3,1
0,4,4,1,3,1,2,1
3,1,2,1,2,0,1,0
2,2,2,2,3,1,1,3
0,3,1,0,1,0,1,0
4,1,0,1,3,1,1,0
0,0,2,0,2,2,2,0
1,1,0,1,2,2,1,1
2,0,0,3,1,0,1,0
1,2,1,1,1,1,1,0
2,1,1,0,1,1,1,2
0,1,1,2,1,1,3,2
2,1,1,1,1,1,2,2
2,1,3,2,1,4,0,4
5,2,1,3,3,1,4,1
3,4,1,3,1,3,4,0
1,2,2,3,1,1,1,3
2,0,2,1,1,1,0,0
0,0,0,0,1,1,1,1
0,0,1,1,0,0,1,1
2,0,1,0,1,0,0,0
1,0,0,0,1,0,1,0
2,0,0,1,0,0,0,0
1,0,0,0,0,1,1,1
1,1,0,0,0,0,0,1
0,1,0,0,1,1,1,0
0,1,0,0,0,0,0,0
1,0,2,0,1,0,0,0
0,1,2,0,1,0,1,0
0,0,0,1,1,3,0,0
0,0,0,2,0,0,2,0
0,0,0,0,0,0,0,2
0,2,1,1,0,0,0,0
0,1,1,0,0,0,1,0
1,0,1,0,0,1,1,0
0,0,0,0,2,0,0,0
0,1,1,0,0,0,0,1
0,1,0,0,0,0,1,0
0,0,0,0,0,0,0,0
0,0,0,0,0,1,0,1
0,2,0,0,0,0,0,0
0,0,1,0,0,0,0,1
0,0,1,0,0,1,1,0
0,0,0,0,0,2,0,0
0,0,1,0,0,0,0,0
0,0,0,0,0,0,0,0
0,0,0,0,0,0,0,0
0,1,1,1,0,0,1,1
1,1,0,0,0,0,0,0
0,0,0,1,0,0,1,0
1,0,0,0,0,1,0,0
0,0,1,0,0,0,0,1
0,0,0,1,0,1,0,0
1,1,1,0,0,0,0,0
0,0,0,0,0,0,0,1
0,0,0,1,0,0,0,1
0,0,0,0,0,0,0,0
0,0,0,1,0,0,0,0
0,0,0,0,0,0,0,1
0,0,0,1,0,0,0,0
0,0,1,0,0,0,0,0
0,1,0,0,0,0,0,0
0,1,0,1,0,0,0,0
0,0,0,0,0,0,0,0
0,0,0,0,0,0,0,0
0,0,1,0,0,0,0,0
0,0,0,0,0,0,0,0
0,0,0,0,0,0,0,0
