SpectrumName : Messung_6.SPC
XUnit        : 
YUnit        : 
Length       : 1024
SubSpcNum    : 1
StartSubSpc  : 0
StopSubSpc   : 0
Comment      : 
Realtime     : 330.000
Livetime     : 328.520
Deadtime     : 1.480
FastChannel  : 14194
Starttime    : 10.01.2000 23:15:13
Stoptime     : 10.01.2000 23:20:44
CalibCoeff   : a=0.000000000E+000 b=0.000000000E+000 c=0.000000000E+000 d=0.000000000E+000
SpectrumText : 0 
0,0,0,0,0,0,0,0
2,0,4,12,21,13,28,24
22,29,21,25,20,38,27,32
34,31,39,38,42,29,29,32
29,36,39,34,28,48,40,60
44,44,52,57,64,50,59,60
60,48,64,56,74,73,75,69
66,66,72,61,66,77,66,68
75,61,62,64,74,61,69,80
60,68,59,84,78,71,53,66
66,73,64,58,64,62,56,73
58,50,67,68,80,71,65,67
54,58,47,53,56,52,55,47
58,46,49,49,41,42,59,61
44,46,40,45,48,60,52,38
36,51,36,57,34,46,47,34
38,40,41,36,53,39,38,47
47,37,39,34,34,36,36,41
49,45,44,40,35,44,40,39
43,30,24,27,29,30,36,27
26,32,29,37,35,35,36,29
39,28,24,25,28,31,38,28
38,30,23,35,46,26,33,28
26,36,34,29,30,30,27,29
21,26,32,25,33,21,27,13
28,20,18,21,26,17,19,9
12,19,17,18,25,14,23,17
11,16,12,22,8,11,14,18
10,15,11,17,12,18,12,18
13,15,13,14,24,18,12,12
14,21,10,18,9,11,9,17
17,20,16,16,12,12,18,16
23,23,26,27,34,39,43,48
59,51,54,87,91,94,91,97
125,131,133,151,141,142,133,142
157,156,135,142,131,97,98,96
61,73,60,53,39,24,23,19
28,29,17,12,16,11,15,6
8,6,6,2,5,3,2,5
4,5,4,4,3,5,4,3
0,0,6,4,5,6,1,1
7,1,2,2,3,2,4,1
3,3,3,6,2,4,2,4
3,5,1,3,6,4,5,2
1,4,5,1,5,3,0,1
5,4,4,2,7,0,2,3
4,3,2,3,4,4,1,2
3,3,8,3,4,1,2,1
3,4,2,3,3,3,3,4
7,1,5,2,4,3,5,6
2,2,5,2,2,3,0,1
3,2,4,2,1,3,2,2
1,1,2,5,2,3,2,0
4,4,0,3,3,1,2,1
4,4,3,4,1,3,0,3
2,1,3,4,4,4,4,0
5,1,3,3,2,2,2,1
1,5,0,1,4,1,0,1
1,1,3,3,0,1,0,3
0,2,2,3,3,1,3,0
3,3,1,4,1,0,2,6
3,2,2,1,0,2,2,0
2,2,2,1,1,3,1,1
1,4,2,1,1,1,2,3
2,0,0,3,1,0,0,1
1,3,2,2,1,1,0,0
1,0,1,1,1,0,0,0
1,2,0,0,0,2,2,0
0,1,1,3,1,0,2,1
0,6,1,2,2,3,0,0
1,3,1,0,0,0,1,1
1,2,1,2,0,0,2,1
1,3,4,1,3,1,0,1
0,4,3,2,1,3,3,2
5,2,1,1,0,1,1,1
1,5,5,7,1,0,0,4
3,1,1,3,1,2,3,2
3,1,0,0,1,1,3,0
0,1,1,1,2,1,0,0
2,2,0,0,0,1,1,0
0,0,0,0,0,0,0,0
0,1,0,0,1,0,2,0
1,1,0,1,2,0,0,1
0,0,2,2,1,0,1,0
0,1,1,1,0,0,0,0
0,0,0,1,1,0,0,1
0,0,1,1,2,0,1,0
0,0,1,0,1,0,1,0
1,0,0,0,1,1,2,2
0,1,0,0,2,0,0,0
0,1,0,0,0,0,2,0
1,0,1,0,2,0,1,1
1,0,0,2,0,1,0,0
0,0,0,0,0,0,0,0
1,1,1,0,0,0,0,0
0,0,1,0,1,1,0,0
0,0,0,0,0,1,0,1
0,0,0,0,0,0,0,0
0,0,0,1,2,0,0,0
0,0,0,0,0,0,0,0
0,1,0,0,0,0,1,1
0,1,0,1,0,0,0,0
0,0,0,0,0,1,1,1
1,0,2,0,0,0,0,2
0,0,0,0,0,0,0,0
0,0,0,0,0,0,0,0
0,2,0,0,0,0,0,2
2,1,0,0,0,1,2,0
0,3,0,0,0,0,0,1
1,0,0,0,0,0,0,0
1,0,0,0,0,0,0,1
0,0,1,1,0,0,0,0
1,0,1,0,0,0,0,0
0,0,1,1,0,0,0,1
1,0,0,1,2,0,1,0
0,0,0,0,0,0,1,0
0,0,0,0,0,0,0,0
0,0,0,0,0,2,0,0
0,0,0,1,0,0,0,0
1,0,0,1,0,0,0,1
0,0,0,0,0,0,0,1
0,0,0,0,0,0,0,0
0,0,0,0,0,0,0,0
0,0,0,0,0,1,0,0
0,0,0,0,0,0,0,0
0,0,0,0,0,0,1,0
0,0,1,1,0,0,1,2
0,1,0,0,0,0,0,0
