SpectrumName : Messung_12.SPC
XUnit        : 
YUnit        : 
Length       : 1024
SubSpcNum    : 1
StartSubSpc  : 0
StopSubSpc   : 0
Comment      : 
Realtime     : 330.000
Livetime     : 328.830
Deadtime     : 1.170
FastChannel  : 15406
Starttime    : 11.01.2000 00:06:16
Stoptime     : 11.01.2000 00:11:46
CalibCoeff   : a=0.000000000E+000 b=0.000000000E+000 c=0.000000000E+000 d=0.000000000E+000
SpectrumText : 0 
0,0,0,0,0,0,0,0
1,3,11,18,23,20,23,29
20,20,34,34,36,32,33,33
26,34,44,29,24,31,43,39
36,50,36,29,30,50,43,51
63,50,54,47,56,50,66,64
59,58,73,53,68,53,73,63
80,72,73,75,66,62,71,76
64,76,82,70,71,73,85,83
87,76,67,78,83,72,71,60
81,67,73,81,70,75,69,72
71,62,77,68,67,75,63,60
64,66,62,70,69,59,53,64
63,39,68,51,57,46,48,47
63,44,53,50,50,40,50,42
36,47,44,41,42,45,37,36
46,54,41,47,48,36,33,34
38,44,36,37,40,43,44,35
46,32,37,49,32,32,46,56
44,34,39,40,45,30,50,27
29,39,30,22,32,43,31,39
35,28,36,38,32,35,43,33
23,32,42,41,25,44,38,41
33,45,37,28,29,35,25,29
27,19,29,22,26,27,22,24
26,24,12,23,18,26,21,18
18,23,21,27,15,14,17,22
14,15,11,14,26,20,21,11
23,18,13,15,13,14,17,12
10,14,15,18,19,11,12,18
8,11,15,15,18,12,16,17
18,15,20,20,24,21,13,18
21,31,22,29,32,48,47,63
61,68,74,98,89,119,118,121
149,134,147,155,143,165,179,155
179,164,161,159,143,138,108,116
99,82,76,48,67,40,35,32
23,34,20,23,8,15,16,3
3,2,1,3,1,5,5,4
2,2,0,6,3,1,3,3
0,7,3,3,7,3,4,7
2,5,5,3,2,3,3,4
2,3,2,4,0,6,3,4
4,2,7,6,2,2,3,4
5,4,5,1,3,1,3,3
6,4,6,2,3,4,3,6
0,2,7,0,5,2,2,2
4,3,3,2,5,1,0,3
7,6,6,2,2,4,2,3
3,3,2,2,0,3,1,4
4,2,1,3,3,3,3,4
1,2,1,2,7,3,3,4
2,1,1,2,3,4,4,1
3,2,0,1,2,2,2,1
4,2,1,4,3,1,2,4
8,1,2,2,1,2,3,2
2,3,6,4,4,2,3,3
0,0,3,7,2,2,3,2
1,4,2,2,2,2,1,4
4,2,4,1,0,2,2,2
5,1,2,1,1,5,1,2
1,1,1,2,1,1,2,1
3,2,0,0,3,3,1,1
3,3,0,2,2,0,0,1
2,2,2,1,1,1,0,2
1,1,2,1,1,1,1,0
2,0,0,2,1,2,1,2
0,1,1,1,0,0,1,2
6,2,0,0,0,0,1,1
1,0,0,1,2,0,2,1
0,0,3,0,0,0,1,0
0,4,1,1,2,0,1,0
0,1,0,2,1,2,3,1
3,4,3,4,2,4,2,3
4,2,2,4,2,6,2,5
6,4,4,3,1,3,2,2
3,3,0,0,1,3,0,1
3,2,1,2,1,1,2,1
1,1,1,0,1,0,1,0
0,1,1,0,0,2,0,1
2,0,1,1,1,1,0,2
0,1,0,1,0,0,0,0
1,0,1,0,1,0,0,0
0,1,0,0,0,1,0,0
0,0,0,2,2,0,0,0
0,2,0,0,1,1,0,1
0,0,0,0,0,1,0,3
1,0,0,1,0,1,0,0
0,1,0,0,1,1,0,1
1,0,0,1,0,1,0,1
0,0,0,3,0,1,0,0
0,0,0,0,1,0,1,0
0,0,0,0,0,0,0,0
0,0,0,0,1,0,2,0
0,0,0,1,1,1,0,0
1,0,0,0,0,1,0,1
0,2,0,0,0,0,0,1
0,0,0,0,0,0,0,0
0,0,1,0,0,1,0,1
0,0,0,0,1,0,0,0
0,1,0,0,0,0,0,1
0,0,0,1,0,0,0,0
0,0,0,0,1,1,0,0
0,0,0,0,0,1,0,1
0,1,0,0,0,0,0,0
1,0,1,2,0,0,0,0
0,0,1,0,0,0,0,0
1,1,1,0,2,0,0,0
0,1,1,0,0,0,1,1
0,0,0,0,0,1,1,0
0,0,0,0,0,0,1,0
0,1,0,0,1,0,0,1
0,0,1,0,0,0,0,0
0,0,1,0,0,1,0,0
0,0,0,1,0,0,0,0
0,0,0,0,1,0,1,0
0,0,0,0,0,0,1,0
1,0,0,0,0,0,0,0
0,0,0,1,1,0,0,0
0,0,0,2,0,0,0,0
0,0,0,0,0,0,0,0
0,0,0,0,1,0,1,0
0,0,0,1,0,0,0,1
0,0,0,2,0,0,0,0
0,0,0,0,0,0,0,0
0,0,1,0,0,0,0,0
0,0,0,0,0,0,0,0
0,1,0,0,0,0,0,0
