SpectrumName : Messung_4.SPC
XUnit        : 
YUnit        : 
Length       : 1024
SubSpcNum    : 1
StartSubSpc  : 0
StopSubSpc   : 0
Comment      : 
Realtime     : 330.000
Livetime     : 328.700
Deadtime     : 1.300
FastChannel  : 13062
Starttime    : 10.01.2000 22:59:33
Stoptime     : 10.01.2000 23:05:04
CalibCoeff   : a=0.000000000E+000 b=0.000000000E+000 c=0.000000000E+000 d=0.000000000E+000
SpectrumText : 0 
0,0,0,0,0,0,0,0
0,4,6,9,15,28,19,21
20,23,27,17,29,19,28,29
22,27,38,31,29,35,27,33
27,31,34,43,44,38,36,33
40,49,61,49,53,54,48,55
45,59,63,59,58,43,59,82
51,53,64,65,66,59,78,72
64,67,61,75,57,63,66,70
60,73,70,65,66,75,63,73
72,70,62,64,50,57,66,62
61,56,65,61,52,50,47,66
44,51,55,55,46,54,53,74
41,54,56,53,51,38,54,55
47,42,35,48,38,42,35,46
57,40,39,39,30,39,38,40
51,36,48,35,44,36,30,40
35,33,31,35,29,34,34,42
41,32,35,31,33,22,27,35
28,28,42,25,31,41,34,22
40,29,38,36,34,30,28,28
31,30,21,21,36,31,28,36
25,23,27,29,29,37,27,32
30,27,22,27,34,30,23,21
25,27,20,22,23,21,27,20
15,20,15,9,18,22,15,15
13,15,11,13,9,18,17,13
11,18,10,13,10,12,13,18
11,13,13,13,13,9,7,12
7,7,9,12,10,11,15,10
10,18,15,15,6,13,15,7
11,17,12,11,15,22,14,19
17,21,29,28,25,29,49,40
46,51,67,68,60,87,85,80
113,92,122,123,113,129,143,120
124,140,124,96,111,111,99,90
65,64,66,56,29,39,31,25
17,16,18,12,15,7,11,4
3,8,6,4,8,10,6,5
3,4,2,3,2,5,5,6
6,6,3,4,1,7,1,3
5,4,2,3,3,2,2,4
0,6,4,4,2,1,1,4
3,5,2,4,3,1,4,1
2,3,3,0,4,7,2,4
3,4,4,0,1,2,1,5
5,3,2,4,4,3,2,3
0,3,2,0,2,1,4,4
1,3,0,6,1,6,2,3
2,3,1,5,1,2,3,2
5,2,2,6,2,3,4,1
2,3,2,1,3,2,3,7
7,1,3,3,1,3,5,5
2,3,0,3,0,1,0,1
1,4,3,0,0,2,3,3
1,1,3,1,4,2,2,5
4,4,4,1,2,1,5,4
2,3,1,3,2,4,1,1
2,2,2,2,2,1,3,1
0,3,5,2,5,0,3,4
1,2,2,4,2,1,1,2
5,1,2,1,2,1,4,1
2,3,2,2,0,1,2,2
2,0,1,2,0,3,3,2
0,1,1,1,1,2,1,3
0,2,1,1,1,1,2,2
2,2,0,1,3,0,2,1
1,1,1,1,0,1,0,3
2,0,1,3,2,0,2,0
0,0,0,0,2,1,0,0
1,0,2,1,2,0,1,1
1,0,2,1,3,3,1,0
1,1,2,2,0,1,2,1
1,2,1,3,2,2,1,1
0,3,6,2,2,3,3,1
2,1,5,1,5,3,2,2
0,2,4,0,5,5,2,1
1,0,2,1,3,1,0,0
1,0,0,0,0,0,0,0
0,1,4,1,0,0,1,0
2,1,1,0,0,2,0,0
1,1,0,1,1,0,1,0
0,0,1,0,0,0,0,1
0,1,1,0,1,0,0,0
1,0,1,1,0,0,1,0
1,1,0,0,1,0,1,0
1,0,0,2,0,1,2,0
0,0,0,0,1,0,0,0
0,1,0,3,0,0,0,1
0,0,1,0,0,1,0,0
0,0,0,0,0,1,0,1
0,0,0,0,0,0,0,1
0,0,0,1,0,0,0,0
1,0,0,0,0,0,0,1
0,0,0,1,0,0,1,0
0,0,0,0,0,1,2,1
0,0,1,0,0,0,0,2
0,0,1,0,0,1,1,0
0,0,0,0,0,0,0,0
0,1,0,0,1,0,0,1
0,0,0,0,0,0,1,0
0,0,0,0,2,0,1,0
1,1,0,0,0,0,0,0
0,1,0,0,0,0,0,1
0,0,0,0,0,1,0,0
0,0,0,0,0,0,0,1
1,1,1,0,0,0,0,1
0,1,0,3,1,1,0,0
1,0,0,0,0,0,1,0
1,0,0,0,0,1,0,0
0,0,0,0,0,0,0,1
0,1,1,1,1,0,0,1
0,0,0,0,0,1,0,0
0,1,1,0,0,0,0,1
0,1,0,0,0,0,0,1
1,1,0,0,0,0,0,0
0,0,0,0,0,0,0,0
0,0,0,1,0,0,0,0
0,0,0,0,0,0,0,0
0,0,0,0,1,1,0,0
1,0,0,0,0,0,0,0
0,0,0,0,0,0,0,0
0,0,0,0,0,0,0,0
0,0,1,0,0,0,0,0
0,0,0,0,0,0,0,0
0,0,0,0,0,0,0,1
0,0,1,1,0,0,1,0
0,0,0,0,0,1,0,0
