SpectrumName : Messung_10.SPC
XUnit        : 
YUnit        : 
Length       : 1024
SubSpcNum    : 1
StartSubSpc  : 0
StopSubSpc   : 0
Comment      : 
Realtime     : 330.000
Livetime     : 328.730
Deadtime     : 1.270
FastChannel  : 12994
Starttime    : 10.01.2000 23:52:04
Stoptime     : 10.01.2000 23:57:35
CalibCoeff   : a=0.000000000E+000 b=0.000000000E+000 c=0.000000000E+000 d=0.000000000E+000
SpectrumText : 0 
0,0,0,0,0,0,0,0
0,2,7,14,10,24,11,22
24,20,20,26,20,10,28,29
26,30,20,30,22,39,34,36
40,30,32,38,30,28,27,36
48,38,42,44,55,53,43,53
61,55,65,63,62,61,64,74
63,71,73,65,65,62,71,62
77,57,74,67,60,76,69,60
70,62,70,61,53,73,70,70
63,71,60,71,64,58,70,59
57,59,62,53,48,65,59,54
62,44,55,55,60,48,62,39
70,49,48,46,47,54,55,49
57,42,51,41,48,47,39,39
27,33,44,35,36,41,39,45
40,41,40,35,30,32,34,42
29,32,38,36,39,35,35,42
30,30,31,29,36,31,30,28
22,34,44,25,29,36,32,36
26,33,22,22,28,34,29,31
38,24,30,30,26,33,28,27
31,21,25,28,22,19,32,23
24,32,29,13,32,19,17,22
13,32,16,15,18,21,23,18
23,16,15,13,14,9,10,10
14,14,15,10,16,15,20,21
17,14,11,11,15,14,15,16
7,5,14,9,15,12,15,8
10,16,8,17,8,12,15,13
16,11,12,13,18,15,16,13
11,11,22,16,8,17,22,19
18,22,32,30,24,32,31,39
47,52,56,62,70,85,85,96
100,111,112,127,146,125,141,117
125,122,110,119,118,84,90,76
75,62,65,48,40,34,40,17
23,18,13,13,3,15,11,9
4,5,8,1,4,8,11,4
3,6,5,1,6,3,6,6
1,4,2,6,4,3,3,2
1,7,7,3,4,4,3,1
2,4,3,4,1,5,3,5
2,5,1,3,3,2,3,0
3,8,7,5,1,3,6,5
6,5,2,4,2,3,2,2
6,2,4,1,0,2,1,6
1,6,5,2,2,5,4,2
3,8,4,2,6,5,7,2
4,4,1,4,2,2,0,0
3,2,5,1,2,1,1,5
4,3,0,3,4,3,1,1
2,1,0,4,3,4,1,2
2,1,1,1,3,2,1,1
5,2,2,5,2,2,4,1
1,1,2,0,2,2,4,1
3,3,0,2,1,2,0,6
1,4,1,3,0,3,1,3
5,6,4,3,3,3,4,4
2,3,3,1,1,2,2,2
2,1,2,1,1,0,2,4
2,2,1,0,0,2,3,2
4,1,1,3,0,4,2,0
3,0,1,1,2,2,0,2
1,1,0,2,1,0,1,0
0,2,2,1,0,2,1,1
3,4,1,1,1,2,1,1
0,1,0,0,0,1,1,1
1,2,0,2,1,1,3,1
0,1,0,0,1,3,0,1
1,0,0,2,0,1,1,3
1,4,1,0,0,1,2,1
2,2,0,1,2,1,1,2
4,4,3,3,1,3,3,4
8,3,4,4,3,2,2,3
3,3,4,1,1,0,1,0
1,0,3,2,1,2,0,3
2,1,2,0,0,2,1,1
1,3,1,0,0,0,1,0
1,2,0,0,3,0,3,1
0,0,0,2,0,1,1,1
0,1,1,2,2,0,0,0
0,0,0,0,0,0,0,0
0,1,0,0,0,0,1,0
0,0,0,1,1,0,1,1
0,0,0,0,0,1,0,0
0,0,0,1,0,0,0,1
0,0,0,0,1,1,0,0
0,2,1,1,0,0,0,0
0,0,0,2,2,1,0,0
1,0,0,0,2,1,0,2
2,0,0,0,3,0,0,0
0,1,0,1,1,0,1,0
0,0,0,0,0,1,0,1
0,0,1,0,0,0,0,0
0,0,0,0,0,0,0,1
0,1,0,0,0,1,0,0
0,0,1,0,0,0,1,0
0,0,0,1,0,0,1,0
1,0,0,1,0,0,0,2
0,1,1,0,0,1,0,0
0,1,0,0,0,0,0,1
0,0,0,1,1,1,0,2
2,0,0,1,2,0,0,0
1,1,0,1,0,1,0,0
0,1,0,1,1,0,0,0
0,0,0,0,0,0,0,1
0,0,1,0,0,1,0,0
0,0,0,0,0,1,0,0
0,0,0,0,0,0,0,0
1,0,0,1,3,0,0,2
0,1,0,0,2,0,1,0
0,0,0,0,1,1,1,0
0,0,0,0,1,0,0,0
0,0,0,0,1,0,0,0
0,0,0,0,0,0,0,0
0,1,0,1,0,0,0,0
0,1,1,1,0,0,0,1
1,0,0,0,1,0,0,0
0,0,1,0,0,1,0,0
0,1,0,0,0,0,0,0
0,0,0,0,0,0,0,0
0,0,0,0,1,0,0,0
0,0,0,0,0,0,0,0
0,0,0,0,0,0,1,0
0,0,0,0,0,0,0,0
0,0,1,1,0,0,0,0
0,1,0,0,0,0,0,0
