SpectrumName : Messung_1.SPC
XUnit        : 
YUnit        : 
Length       : 1024
SubSpcNum    : 1
StartSubSpc  : 0
StopSubSpc   : 0
Comment      : 
Realtime     : 330.000
Livetime     : 328.220
Deadtime     : 1.780
FastChannel  : 12372
Starttime    : 10.01.2000 22:34:24
Stoptime     : 10.01.2000 22:43:04
CalibCoeff   : a=0.000000000E+000 b=0.000000000E+000 c=0.000000000E+000 d=0.000000000E+000
SpectrumText : 0 
0,0,0,0,0,0,0,0
0,1,4,10,13,24,19,21
15,24,19,22,26,28,29,29
21,21,35,26,18,37,26,31
32,22,31,33,35,31,35,57
38,55,45,54,60,59,49,54
50,56,42,64,70,54,54,62
46,69,72,77,69,61,64,65
82,62,64,72,66,70,61,76
67,61,47,80,56,56,71,57
75,53,62,62,60,66,53,54
52,57,67,42,58,63,53,58
41,44,36,54,40,48,55,46
52,46,44,37,53,43,44,39
30,42,42,46,51,27,31,46
48,31,33,29,32,45,35,31
35,53,38,37,26,43,35,32
36,25,19,33,31,41,37,32
37,34,26,29,27,32,37,36
35,23,25,25,37,23,29,28
27,27,20,23,35,35,29,22
28,24,34,28,21,22,23,23
31,19,24,24,18,23,26,20
17,24,19,28,24,31,26,24
23,20,18,23,14,20,19,23
16,14,14,13,26,12,17,31
10,12,12,20,25,13,12,12
12,13,8,10,12,7,9,9
7,12,14,15,10,17,11,14
10,10,12,6,12,13,9,15
14,10,11,16,10,11,10,17
10,20,15,12,16,10,16,13
23,22,29,24,31,32,17,32
53,48,59,62,63,64,73,91
112,101,112,113,143,104,123,145
119,112,122,115,89,99,78,87
62,52,47,43,36,29,20,32
15,9,9,3,10,10,7,1
6,7,4,4,4,5,4,4
5,2,7,4,3,1,2,2
2,1,6,3,3,3,3,1
3,3,5,2,6,1,1,5
3,6,3,3,0,0,3,3
4,3,0,1,3,3,0,4
5,5,5,2,5,3,3,1
4,3,3,5,5,6,3,3
3,2,5,1,4,2,1,2
3,5,5,2,0,1,0,2
4,1,4,2,2,3,2,4
5,1,1,1,2,0,3,1
2,4,2,6,1,1,2,2
4,6,2,2,1,1,0,2
4,4,3,1,2,1,3,0
3,2,2,1,1,1,0,4
6,1,3,3,4,3,0,0
2,4,0,2,1,3,1,5
2,0,1,1,2,2,2,2
1,3,1,3,1,3,1,5
2,1,1,1,3,1,3,0
0,4,3,1,2,2,3,7
2,4,3,4,2,3,0,3
1,5,0,4,2,4,1,2
1,1,1,1,0,3,3,1
0,2,3,3,4,2,1,0
1,1,4,2,1,0,1,2
2,1,1,0,6,1,0,1
1,5,1,5,4,0,1,3
3,0,0,0,3,0,0,1
2,0,0,0,1,1,0,1
1,0,0,1,1,1,1,0
0,2,2,0,0,0,0,1
3,0,1,2,1,3,2,1
1,0,2,1,0,4,2,4
1,2,6,2,2,2,3,4
3,1,3,3,2,3,1,8
4,5,2,2,3,2,2,1
0,2,2,1,3,4,2,2
0,1,3,2,2,2,0,0
1,1,0,0,0,0,1,0
1,0,2,0,0,1,0,0
1,0,0,1,0,1,0,1
1,0,1,0,0,0,0,0
1,1,1,0,1,1,0,0
0,0,0,1,1,0,2,1
1,1,0,0,0,1,0,1
0,0,1,1,1,0,1,0
0,0,0,0,0,0,0,1
0,2,0,0,0,1,0,0
0,0,0,0,0,0,1,1
2,1,0,0,0,0,0,0
0,1,0,1,0,0,0,1
2,1,0,0,0,0,0,1
1,0,1,0,1,1,0,2
1,0,0,1,0,1,0,0
0,0,0,1,0,0,0,0
0,1,1,1,1,0,0,0
0,0,1,0,0,0,0,0
0,0,0,0,1,0,0,0
0,0,0,0,1,0,0,0
0,0,0,0,0,0,1,0
0,0,1,0,1,0,1,0
1,2,0,0,0,0,1,0
1,0,0,0,0,0,0,0
1,0,0,0,1,0,0,0
0,0,0,0,0,2,0,0
0,0,0,0,0,0,0,0
0,0,1,0,0,0,2,0
0,0,0,0,0,1,2,0
0,0,0,0,0,2,1,0
1,1,0,1,0,1,1,0
0,0,0,1,0,1,1,0
1,0,1,0,0,0,0,1
0,1,0,1,0,0,0,0
0,0,0,0,0,0,0,1
0,0,0,0,0,0,0,1
0,0,0,0,0,0,1,0
0,0,0,0,0,0,0,1
0,0,0,0,0,0,1,0
1,0,0,0,0,0,0,0
0,0,0,0,0,0,0,0
0,0,0,0,0,0,0,0
0,0,0,0,0,0,0,0
0,0,0,0,0,0,0,0
0,0,0,0,0,0,0,0
0,0,0,0,1,0,0,0
0,0,1,1,0,0,0,0
0,0,0,0,0,0,1,1
1,0,1,0,0,1,0,0
