SpectrumName : Messung_3.SPC
XUnit        : 
YUnit        : 
Length       : 1024
SubSpcNum    : 1
StartSubSpc  : 0
StopSubSpc   : 0
Comment      : 
Realtime     : 330.000
Livetime     : 328.770
Deadtime     : 1.230
FastChannel  : 17308
Starttime    : 10.01.2000 22:52:03
Stoptime     : 10.01.2000 22:57:35
CalibCoeff   : a=0.000000000E+000 b=0.000000000E+000 c=0.000000000E+000 d=0.000000000E+000
SpectrumText : 0 
0,0,0,0,0,0,0,0
0,3,16,19,17,25,32,18
24,32,33,39,23,40,37,35
38,44,39,43,46,45,41,38
45,48,56,45,49,41,53,57
52,64,48,63,57,68,54,46
70,67,65,75,57,72,76,59
55,54,80,81,79,82,85,59
67,86,65,67,90,73,72,61
63,83,81,82,94,85,75,74
65,77,88,66,82,86,75,72
67,71,61,66,63,50,70,58
62,68,67,65,53,73,68,66
70,59,64,47,67,70,56,59
51,61,46,57,47,58,44,47
60,61,52,51,50,51,58,58
37,46,40,52,59,46,36,57
55,54,42,49,40,38,47,43
41,44,43,46,43,34,52,40
37,33,44,49,46,35,35,42
44,31,29,40,39,38,39,32
46,34,40,40,40,41,38,41
27,40,30,51,40,30,43,44
43,39,31,46,43,44,27,32
33,26,38,21,26,27,23,30
22,20,33,25,20,26,28,18
22,17,12,13,21,17,18,15
11,21,20,13,21,19,15,20
19,16,17,12,14,23,11,10
18,22,13,16,16,15,19,14
23,14,16,19,13,18,11,18
13,11,13,15,19,12,28,29
21,34,36,39,45,50,55,59
73,85,90,123,136,141,141,152
176,193,216,216,227,240,190,207
211,237,203,210,184,162,151,135
125,112,106,76,71,57,61,42
33,26,18,14,16,10,7,12
6,11,7,3,3,3,4,5
3,1,2,2,5,2,3,5
2,1,5,4,0,6,4,4
5,2,2,5,5,2,5,3
5,3,3,6,0,3,4,4
4,3,5,4,5,3,3,1
2,1,3,0,2,5,5,2
2,2,4,1,3,5,2,4
3,2,5,2,2,5,4,0
1,4,5,1,4,3,4,0
1,5,2,7,4,2,3,2
1,2,1,4,2,4,1,3
3,1,3,1,2,1,3,3
3,2,3,0,2,4,2,3
1,5,0,0,1,3,1,4
3,4,4,1,4,1,0,1
5,0,4,3,6,1,1,3
1,0,4,4,1,1,1,3
5,2,5,1,1,2,1,1
1,2,1,4,3,4,2,3
1,4,1,4,4,1,0,3
0,3,0,1,4,2,1,1
3,2,1,1,2,0,0,1
1,2,3,1,2,1,3,1
3,1,2,1,2,0,3,0
3,1,0,1,0,1,2,3
4,2,2,2,2,1,0,2
1,1,5,3,1,2,1,2
0,2,0,0,0,2,1,1
1,0,1,2,0,2,0,0
1,1,0,0,0,0,1,2
0,0,1,0,1,0,1,2
2,2,0,2,0,2,1,0
1,1,3,1,2,1,1,3
1,1,2,1,3,2,0,3
1,0,1,0,3,1,6,6
5,4,2,4,3,2,3,2
3,4,2,1,3,5,1,4
3,2,0,1,2,1,2,1
3,2,3,1,0,0,0,0
0,0,0,0,1,0,3,1
1,1,1,0,0,1,0,0
1,1,0,1,0,1,2,0
0,1,1,1,0,0,1,1
0,2,0,0,2,0,0,0
1,0,0,1,0,0,1,1
0,1,2,0,1,0,0,0
0,0,1,0,1,1,0,0
0,2,0,0,2,0,1,0
1,1,0,0,0,0,0,0
0,1,1,0,0,0,2,1
0,0,0,0,1,1,0,0
0,1,0,0,1,0,2,1
0,2,1,0,1,0,2,0
1,0,0,1,0,0,0,0
1,1,0,1,0,0,0,1
0,0,0,1,0,1,0,1
0,0,0,0,1,0,0,0
2,0,0,0,1,0,0,2
0,0,1,0,0,0,0,0
0,0,0,0,0,1,0,0
0,1,1,1,0,0,0,0
1,0,0,0,1,0,0,0
0,0,0,0,0,0,0,0
0,0,0,0,1,0,0,0
0,0,0,0,0,0,0,0
0,0,0,0,0,0,1,0
1,0,0,0,0,0,0,2
0,1,0,0,0,1,0,0
1,0,0,0,0,0,0,0
0,0,0,0,0,0,0,0
0,0,0,1,1,0,1,0
0,0,0,0,0,0,0,0
0,0,0,0,0,0,0,0
0,0,0,0,0,0,0,0
0,0,0,0,1,0,0,0
0,0,1,0,1,0,0,0
1,0,2,0,0,0,0,0
1,0,0,0,0,0,0,0
1,0,1,0,0,1,0,0
0,1,0,0,0,0,0,1
0,0,0,0,0,0,0,0
0,0,0,0,0,0,1,0
1,0,0,0,0,0,0,0
2,1,0,1,0,1,1,0
0,0,0,0,0,0,0,0
2,0,0,0,1,0,0,1
0,0,0,0,0,0,0,1
0,1,1,0,0,0,0,0
1,0,0,1,0,0,0,0
