SpectrumName : Messung_2.SPC
XUnit        : 
YUnit        : 
Length       : 1024
SubSpcNum    : 1
StartSubSpc  : 0
StopSubSpc   : 0
Comment      : 
Realtime     : 330.000
Livetime     : 328.130
Deadtime     : 1.870
FastChannel  : 8934
Starttime    : 10.01.2000 22:45:10
Stoptime     : 10.01.2000 22:50:41
CalibCoeff   : a=0.000000000E+000 b=0.000000000E+000 c=0.000000000E+000 d=0.000000000E+000
SpectrumText : 0 
0,0,0,0,0,0,0,0
0,6,2,8,9,13,15,9
17,18,18,17,22,18,19,18
15,22,26,15,26,13,31,34
26,28,20,22,35,39,35,35
27,27,31,45,44,47,48,44
36,45,42,43,50,46,56,47
52,41,51,66,50,54,54,50
67,43,63,47,49,55,65,70
58,60,58,52,52,64,47,50
57,66,41,49,48,58,45,55
37,44,37,49,46,46,50,43
49,55,37,43,44,30,38,21
35,40,29,36,29,35,43,30
30,37,28,31,34,39,24,32
29,28,29,25,30,21,21,28
32,25,28,19,22,28,25,29
24,14,28,27,19,20,23,15
26,26,28,18,25,28,22,30
20,23,18,20,23,23,21,14
15,25,17,24,14,16,24,19
14,21,19,23,18,13,18,19
22,21,21,7,15,17,10,25
15,29,13,13,15,14,10,10
12,13,15,15,15,18,8,15
18,13,12,12,12,6,7,9
15,11,7,9,19,10,16,10
8,3,6,5,12,12,12,10
14,10,8,5,4,7,8,11
8,11,8,10,12,7,13,15
7,8,9,11,7,13,10,10
10,13,7,11,9,9,15,9
12,10,9,13,9,20,24,16
19,22,30,27,22,22,38,36
27,43,42,41,36,55,45,51
44,45,39,37,43,39,48,40
22,25,19,15,22,15,20,12
11,9,10,5,7,2,5,10
6,3,2,6,2,4,7,5
3,5,4,3,3,6,1,3
4,3,5,2,0,4,2,4
1,5,7,2,5,0,0,2
6,2,5,1,5,2,1,3
6,2,3,3,1,4,2,5
4,3,2,5,2,4,1,1
3,4,1,3,2,2,3,7
2,2,3,1,4,0,2,3
5,9,4,2,4,5,3,2
3,5,1,4,4,0,3,2
1,0,3,1,5,4,5,3
3,1,3,2,5,3,6,3
2,5,3,1,3,2,3,4
3,2,0,2,3,5,1,2
1,1,1,1,1,1,4,0
1,3,2,3,1,0,4,1
2,0,6,1,1,2,4,1
1,3,3,3,7,3,4,7
4,2,1,2,2,2,0,3
2,1,3,3,4,2,2,3
1,3,3,4,2,3,0,4
1,2,3,3,0,2,2,2
0,0,4,4,0,0,2,1
4,1,1,2,2,0,1,2
0,2,2,0,1,2,2,1
3,1,1,4,1,1,1,2
2,1,2,0,3,1,0,3
2,1,1,0,1,1,0,0
2,2,1,0,1,0,0,3
2,1,1,2,1,2,1,0
1,1,2,0,1,2,0,3
3,1,1,2,1,0,1,2
2,0,0,0,3,2,0,0
0,3,1,1,0,2,2,2
0,1,0,3,3,5,2,4
3,2,2,3,5,4,1,1
4,3,4,4,3,1,2,2
2,1,1,1,1,1,2,3
0,2,1,2,3,1,1,2
0,1,0,2,0,1,2,1
0,0,1,2,0,0,1,0
1,0,0,0,1,0,0,2
1,0,0,0,0,0,0,1
1,1,2,1,0,2,1,0
0,0,0,0,0,0,0,0
0,0,0,1,1,0,1,1
1,0,0,1,1,0,1,0
0,1,0,0,0,0,0,0
2,0,1,0,2,0,0,0
0,0,1,0,0,0,1,0
0,1,1,0,0,0,0,0
0,3,0,0,1,1,0,0
0,0,0,0,1,1,2,0
1,0,0,1,0,2,0,0
0,0,0,1,0,0,0,2
0,0,1,1,0,0,1,1
1,0,0,2,0,0,0,1
1,0,2,1,0,0,1,1
0,0,0,0,1,0,0,0
0,0,0,1,1,0,0,1
0,0,0,0,0,0,0,0
0,0,1,0,1,0,0,0
0,0,1,0,0,0,0,0
0,0,0,0,0,1,0,2
1,1,1,0,0,0,0,1
0,1,0,1,0,0,0,0
0,0,0,0,0,0,0,0
0,0,0,1,0,1,0,0
0,0,0,0,0,0,1,0
0,1,0,0,0,0,0,0
0,0,0,1,0,0,0,0
0,0,0,0,0,0,1,1
1,2,1,0,0,1,1,1
1,1,1,0,0,0,0,1
0,0,1,1,2,0,1,0
0,1,0,1,0,0,0,0
0,0,0,1,0,0,0,0
1,0,0,0,0,1,1,1
0,1,0,0,0,0,0,0
1,0,0,0,0,0,0,0
1,0,0,0,0,0,0,0
0,0,0,0,0,0,0,0
0,0,1,0,0,0,0,0
1,0,0,0,0,0,0,0
0,0,0,0,0,0,1,1
0,0,0,0,0,0,0,0
0,1,0,0,0,1,0,0
0,0,0,0,0,0,1,0
0,0,0,0,0,0,0,0
