SpectrumName : Messung_8.SPC
XUnit        : 
YUnit        : 
Length       : 1024
SubSpcNum    : 1
StartSubSpc  : 0
StopSubSpc   : 0
Comment      : 
Realtime     : 330.000
Livetime     : 327.820
Deadtime     : 2.180
FastChannel  : 9084
Starttime    : 10.01.2000 23:29:34
Stoptime     : 10.01.2000 23:35:05
CalibCoeff   : a=0.000000000E+000 b=0.000000000E+000 c=0.000000000E+000 d=0.000000000E+000
SpectrumText : 0 
0,0,0,0,0,0,0,0
0,0,5,9,11,12,18,12
10,16,24,11,17,17,17,17
29,20,23,19,22,20,24,30
25,28,27,25,16,27,25,29
36,40,42,35,34,45,45,42
46,56,43,46,58,45,40,82
56,55,50,51,58,69,68,58
63,71,62,39,49,51,62,55
60,51,46,50,55,59,63,54
44,67,51,51,42,47,62,59
54,61,41,49,43,41,37,54
51,35,39,41,34,53,31,41
36,39,30,43,32,29,30,27
24,46,29,37,37,29,36,32
24,27,31,35,31,35,29,41
33,26,25,26,18,30,25,27
29,28,20,22,22,29,27,27
34,23,27,27,14,15,29,20
19,26,21,14,16,23,27,17
15,19,17,18,20,19,20,16
15,23,18,21,15,15,19,14
15,19,16,16,17,9,16,14
18,19,14,13,13,17,15,14
11,7,11,13,15,8,14,11
15,8,12,5,16,7,9,10
11,11,14,10,7,7,11,13
9,16,12,9,15,9,9,7
10,10,9,10,10,11,9,10
8,11,3,7,11,8,16,6
11,9,6,7,4,11,8,10
5,7,12,10,11,13,8,12
9,12,12,21,12,9,20,11
16,30,36,27,29,35,31,46
40,52,37,38,43,39,51,46
43,42,52,41,37,38,39,27
27,22,35,19,11,19,13,11
10,11,8,6,6,5,5,7
3,1,4,6,2,5,5,2
4,4,2,4,6,4,5,1
2,3,3,3,3,5,3,5
1,9,3,0,4,5,8,6
3,3,1,3,2,4,1,1
6,2,3,2,3,5,3,2
3,1,4,1,3,3,2,1
2,6,1,2,0,2,5,3
4,4,3,4,1,5,2,7
5,1,3,5,4,1,0,3
4,2,4,4,5,5,1,4
3,3,9,2,1,1,4,4
1,3,2,0,0,1,4,5
2,4,4,1,3,4,2,1
3,0,1,3,3,3,2,1
2,3,4,3,3,3,1,6
2,1,2,5,1,1,1,0
3,3,1,3,2,3,2,0
3,1,3,0,1,1,1,3
2,4,3,1,5,0,1,2
1,2,2,2,0,4,1,4
5,4,0,0,1,3,1,3
2,2,3,3,2,1,2,1
3,3,1,1,1,2,6,2
1,2,1,0,2,2,3,3
3,1,1,1,2,0,3,1
2,1,4,1,1,2,1,2
0,0,2,3,0,3,2,4
3,1,0,2,0,1,0,3
1,0,3,1,2,1,0,1
0,1,1,0,0,0,1,3
1,3,1,2,1,0,0,0
2,1,1,1,1,1,1,3
2,0,1,0,1,1,2,4
1,1,3,1,1,1,2,2
2,5,4,4,7,3,3,3
0,1,4,1,1,2,3,2
3,4,4,2,3,3,5,4
1,3,1,5,1,5,1,2
0,3,2,1,0,2,1,2
0,0,0,0,1,0,0,1
1,0,1,0,0,0,0,4
0,0,1,2,0,1,0,0
0,0,0,1,1,1,0,0
0,1,1,2,0,0,2,0
2,1,1,2,1,1,0,0
0,0,0,0,1,1,0,0
0,1,0,0,1,1,1,0
0,0,0,0,1,0,0,0
1,0,1,0,3,0,1,0
1,0,0,1,0,0,1,1
2,1,2,0,1,2,0,0
1,0,0,1,0,1,0,0
1,0,0,1,0,0,1,0
1,1,1,0,0,0,0,0
1,0,0,0,1,0,0,0
0,0,1,0,0,0,1,1
0,0,1,0,0,0,0,0
0,0,0,0,0,0,0,0
0,1,0,1,0,0,1,0
0,1,1,0,0,0,0,0
0,0,0,0,1,0,1,1
0,0,0,0,0,0,0,0
0,0,0,1,0,0,0,2
1,0,0,0,0,0,0,0
1,0,0,0,0,0,0,1
1,0,0,0,0,0,0,0
1,0,0,1,0,0,0,0
1,0,0,0,1,0,0,0
0,1,1,0,0,0,0,1
0,0,0,0,0,0,0,0
0,0,0,0,1,1,0,0
1,2,0,0,0,0,0,1
0,0,0,0,0,0,0,0
0,0,0,0,0,0,1,0
1,0,0,0,0,0,0,0
0,0,0,0,0,0,0,0
0,0,0,0,0,0,0,0
0,0,1,1,0,0,0,1
1,0,0,0,0,0,0,1
0,0,0,1,0,0,0,0
0,0,0,0,0,0,0,0
0,0,0,1,0,0,0,0
0,0,0,0,1,0,0,0
0,0,0,1,1,1,0,0
0,1,0,0,0,0,0,0
0,0,0,0,0,0,0,0
0,0,0,0,0,0,0,1
1,0,0,0,0,0,0,0
0,0,0,0,1,0,0,0
