# Converted file from inputfile Messung_5.CHN
# MCA number or Detector number: 1
# Segment number (set to 1 in UMCBI): 1
# ASCII seconds of start time: 14641
# Real Time (s): 120.000
# Live Time (s) : 119.660
# Start Date (DDMMMYY): 10JAN00
# Start time (HHMM): 2201
# Channel offset of data: 0
# Number of channels (length of data): 1024

# Data: 

0 	 0
1 	 0
2 	 0
3 	 0
4 	 0
5 	 0
6 	 0
7 	 0
8 	 0
9 	 2
10 	 6
11 	 10
12 	 8
13 	 24
14 	 21
15 	 16
16 	 16
17 	 20
18 	 24
19 	 31
20 	 33
21 	 22
22 	 15
23 	 23
24 	 28
25 	 21
26 	 31
27 	 33
28 	 24
29 	 20
30 	 23
31 	 35
32 	 30
33 	 34
34 	 25
35 	 27
36 	 25
37 	 25
38 	 32
39 	 28
40 	 26
41 	 36
42 	 33
43 	 31
44 	 38
45 	 42
46 	 40
47 	 38
48 	 38
49 	 41
50 	 40
51 	 39
52 	 33
53 	 45
54 	 31
55 	 40
56 	 48
57 	 48
58 	 51
59 	 46
60 	 46
61 	 37
62 	 38
63 	 41
64 	 44
65 	 63
66 	 46
67 	 56
68 	 42
69 	 47
70 	 41
71 	 47
72 	 48
73 	 51
74 	 47
75 	 57
76 	 58
77 	 47
78 	 39
79 	 43
80 	 42
81 	 55
82 	 45
83 	 47
84 	 43
85 	 44
86 	 55
87 	 52
88 	 48
89 	 34
90 	 39
91 	 34
92 	 26
93 	 53
94 	 49
95 	 37
96 	 40
97 	 36
98 	 42
99 	 37
100 	 50
101 	 51
102 	 31
103 	 45
104 	 40
105 	 41
106 	 29
107 	 35
108 	 35
109 	 25
110 	 35
111 	 34
112 	 38
113 	 42
114 	 42
115 	 43
116 	 27
117 	 40
118 	 20
119 	 37
120 	 36
121 	 42
122 	 23
123 	 36
124 	 23
125 	 49
126 	 33
127 	 30
128 	 25
129 	 28
130 	 37
131 	 27
132 	 35
133 	 32
134 	 27
135 	 19
136 	 18
137 	 29
138 	 37
139 	 20
140 	 34
141 	 27
142 	 38
143 	 26
144 	 31
145 	 34
146 	 31
147 	 24
148 	 24
149 	 31
150 	 29
151 	 25
152 	 33
153 	 34
154 	 21
155 	 31
156 	 37
157 	 31
158 	 25
159 	 38
160 	 26
161 	 31
162 	 32
163 	 34
164 	 25
165 	 28
166 	 35
167 	 31
168 	 35
169 	 36
170 	 23
171 	 22
172 	 39
173 	 45
174 	 26
175 	 37
176 	 27
177 	 43
178 	 42
179 	 32
180 	 38
181 	 32
182 	 25
183 	 38
184 	 25
185 	 20
186 	 41
187 	 27
188 	 31
189 	 36
190 	 30
191 	 37
192 	 30
193 	 34
194 	 34
195 	 23
196 	 26
197 	 19
198 	 21
199 	 18
200 	 13
201 	 19
202 	 16
203 	 16
204 	 15
205 	 18
206 	 15
207 	 12
208 	 21
209 	 14
210 	 10
211 	 15
212 	 11
213 	 15
214 	 14
215 	 9
216 	 12
217 	 11
218 	 9
219 	 22
220 	 14
221 	 18
222 	 13
223 	 12
224 	 10
225 	 10
226 	 7
227 	 10
228 	 11
229 	 12
230 	 8
231 	 8
232 	 8
233 	 7
234 	 9
235 	 11
236 	 10
237 	 8
238 	 12
239 	 8
240 	 5
241 	 20
242 	 7
243 	 14
244 	 7
245 	 16
246 	 16
247 	 12
248 	 17
249 	 15
250 	 17
251 	 18
252 	 8
253 	 6
254 	 23
255 	 16
256 	 14
257 	 27
258 	 24
259 	 30
260 	 35
261 	 46
262 	 43
263 	 48
264 	 59
265 	 69
266 	 83
267 	 108
268 	 101
269 	 114
270 	 113
271 	 147
272 	 158
273 	 150
274 	 177
275 	 196
276 	 208
277 	 204
278 	 222
279 	 209
280 	 219
281 	 225
282 	 190
283 	 176
284 	 179
285 	 159
286 	 167
287 	 144
288 	 127
289 	 126
290 	 101
291 	 86
292 	 73
293 	 69
294 	 52
295 	 46
296 	 26
297 	 24
298 	 36
299 	 18
300 	 8
301 	 13
302 	 7
303 	 6
304 	 6
305 	 4
306 	 3
307 	 4
308 	 2
309 	 0
310 	 2
311 	 1
312 	 3
313 	 2
314 	 1
315 	 0
316 	 1
317 	 1
318 	 4
319 	 1
320 	 0
321 	 0
322 	 1
323 	 0
324 	 1
325 	 0
326 	 1
327 	 2
328 	 3
329 	 3
330 	 2
331 	 2
332 	 1
333 	 2
334 	 2
335 	 0
336 	 2
337 	 1
338 	 1
339 	 2
340 	 0
341 	 3
342 	 3
343 	 0
344 	 1
345 	 0
346 	 1
347 	 0
348 	 2
349 	 0
350 	 2
351 	 2
352 	 1
353 	 0
354 	 1
355 	 0
356 	 0
357 	 1
358 	 0
359 	 2
360 	 0
361 	 2
362 	 0
363 	 1
364 	 0
365 	 1
366 	 1
367 	 1
368 	 0
369 	 1
370 	 1
371 	 1
372 	 3
373 	 2
374 	 2
375 	 0
376 	 2
377 	 2
378 	 1
379 	 0
380 	 2
381 	 0
382 	 3
383 	 0
384 	 0
385 	 1
386 	 2
387 	 2
388 	 2
389 	 0
390 	 1
391 	 2
392 	 3
393 	 0
394 	 1
395 	 1
396 	 1
397 	 0
398 	 1
399 	 1
400 	 2
401 	 1
402 	 1
403 	 2
404 	 2
405 	 1
406 	 1
407 	 0
408 	 0
409 	 1
410 	 1
411 	 3
412 	 0
413 	 0
414 	 1
415 	 1
416 	 0
417 	 1
418 	 1
419 	 1
420 	 1
421 	 1
422 	 1
423 	 0
424 	 0
425 	 0
426 	 1
427 	 0
428 	 0
429 	 0
430 	 0
431 	 1
432 	 1
433 	 0
434 	 0
435 	 1
436 	 2
437 	 0
438 	 3
439 	 0
440 	 2
441 	 0
442 	 1
443 	 1
444 	 1
445 	 0
446 	 0
447 	 0
448 	 1
449 	 1
450 	 0
451 	 1
452 	 2
453 	 1
454 	 1
455 	 1
456 	 1
457 	 1
458 	 0
459 	 1
460 	 2
461 	 0
462 	 2
463 	 2
464 	 1
465 	 1
466 	 0
467 	 1
468 	 1
469 	 0
470 	 0
471 	 1
472 	 0
473 	 0
474 	 1
475 	 0
476 	 0
477 	 1
478 	 0
479 	 0
480 	 0
481 	 0
482 	 0
483 	 1
484 	 2
485 	 0
486 	 0
487 	 1
488 	 1
489 	 1
490 	 0
491 	 0
492 	 1
493 	 0
494 	 0
495 	 1
496 	 2
497 	 0
498 	 1
499 	 0
500 	 1
501 	 1
502 	 2
503 	 1
504 	 0
505 	 0
506 	 1
507 	 0
508 	 1
509 	 0
510 	 1
511 	 1
512 	 0
513 	 0
514 	 0
515 	 0
516 	 0
517 	 1
518 	 0
519 	 1
520 	 2
521 	 0
522 	 0
523 	 2
524 	 0
525 	 0
526 	 0
527 	 0
528 	 1
529 	 0
530 	 0
531 	 0
532 	 0
533 	 0
534 	 0
535 	 0
536 	 0
537 	 2
538 	 4
539 	 0
540 	 1
541 	 0
542 	 0
543 	 0
544 	 1
545 	 0
546 	 0
547 	 0
548 	 0
549 	 0
550 	 0
551 	 0
552 	 0
553 	 0
554 	 0
555 	 1
556 	 0
557 	 0
558 	 0
559 	 1
560 	 1
561 	 0
562 	 0
563 	 1
564 	 4
565 	 0
566 	 0
567 	 2
568 	 1
569 	 1
570 	 0
571 	 0
572 	 1
573 	 1
574 	 0
575 	 1
576 	 1
577 	 0
578 	 0
579 	 0
580 	 0
581 	 0
582 	 1
583 	 2
584 	 0
585 	 1
586 	 0
587 	 1
588 	 2
589 	 0
590 	 4
591 	 1
592 	 0
593 	 0
594 	 1
595 	 0
596 	 4
597 	 0
598 	 1
599 	 1
600 	 1
601 	 0
602 	 0
603 	 1
604 	 1
605 	 1
606 	 0
607 	 2
608 	 0
609 	 0
610 	 0
611 	 2
612 	 0
613 	 0
614 	 1
615 	 0
616 	 0
617 	 0
618 	 0
619 	 0
620 	 0
621 	 0
622 	 0
623 	 2
624 	 0
625 	 1
626 	 2
627 	 1
628 	 1
629 	 1
630 	 1
631 	 0
632 	 1
633 	 0
634 	 0
635 	 0
636 	 0
637 	 0
638 	 0
639 	 0
640 	 0
641 	 0
642 	 0
643 	 0
644 	 0
645 	 0
646 	 1
647 	 0
648 	 0
649 	 0
650 	 0
651 	 0
652 	 0
653 	 1
654 	 0
655 	 1
656 	 1
657 	 0
658 	 0
659 	 0
660 	 0
661 	 0
662 	 0
663 	 0
664 	 0
665 	 1
666 	 0
667 	 1
668 	 0
669 	 0
670 	 1
671 	 0
672 	 0
673 	 1
674 	 1
675 	 0
676 	 0
677 	 0
678 	 1
679 	 0
680 	 1
681 	 0
682 	 0
683 	 0
684 	 0
685 	 0
686 	 0
687 	 0
688 	 2
689 	 0
690 	 0
691 	 0
692 	 0
693 	 0
694 	 0
695 	 1
696 	 0
697 	 1
698 	 0
699 	 0
700 	 0
701 	 0
702 	 0
703 	 1
704 	 1
705 	 1
706 	 0
707 	 0
708 	 1
709 	 0
710 	 0
711 	 0
712 	 0
713 	 0
714 	 0
715 	 0
716 	 0
717 	 0
718 	 0
719 	 1
720 	 0
721 	 0
722 	 1
723 	 0
724 	 0
725 	 0
726 	 0
727 	 0
728 	 0
729 	 0
730 	 0
731 	 0
732 	 0
733 	 0
734 	 0
735 	 0
736 	 0
737 	 0
738 	 0
739 	 0
740 	 0
741 	 0
742 	 0
743 	 0
744 	 0
745 	 0
746 	 0
747 	 0
748 	 1
749 	 0
750 	 0
751 	 1
752 	 0
753 	 1
754 	 0
755 	 0
756 	 0
757 	 0
758 	 0
759 	 0
760 	 0
761 	 0
762 	 0
763 	 0
764 	 0
765 	 0
766 	 0
767 	 0
768 	 0
769 	 1
770 	 0
771 	 0
772 	 0
773 	 0
774 	 0
775 	 0
776 	 0
777 	 0
778 	 0
779 	 0
780 	 0
781 	 0
782 	 0
783 	 0
784 	 0
785 	 0
786 	 0
787 	 0
788 	 0
789 	 0
790 	 0
791 	 1
792 	 0
793 	 0
794 	 0
795 	 0
796 	 0
797 	 0
798 	 0
799 	 0
800 	 0
801 	 0
802 	 0
803 	 0
804 	 0
805 	 0
806 	 0
807 	 0
808 	 0
809 	 0
810 	 0
811 	 0
812 	 0
813 	 0
814 	 0
815 	 1
816 	 0
817 	 0
818 	 0
819 	 0
820 	 0
821 	 0
822 	 0
823 	 0
824 	 0
825 	 0
826 	 0
827 	 0
828 	 0
829 	 0
830 	 1
831 	 0
832 	 0
833 	 0
834 	 0
835 	 0
836 	 0
837 	 0
838 	 0
839 	 0
840 	 0
841 	 0
842 	 0
843 	 0
844 	 0
845 	 0
846 	 0
847 	 1
848 	 0
849 	 0
850 	 0
851 	 0
852 	 0
853 	 0
854 	 0
855 	 0
856 	 0
857 	 0
858 	 0
859 	 0
860 	 0
861 	 0
862 	 0
863 	 0
864 	 0
865 	 0
866 	 0
867 	 0
868 	 0
869 	 0
870 	 0
871 	 0
872 	 0
873 	 1
874 	 0
875 	 0
876 	 0
877 	 0
878 	 0
879 	 0
880 	 0
881 	 0
882 	 0
883 	 0
884 	 0
885 	 0
886 	 0
887 	 0
888 	 0
889 	 0
890 	 0
891 	 0
892 	 0
893 	 0
894 	 0
895 	 0
896 	 0
897 	 0
898 	 0
899 	 0
900 	 0
901 	 0
902 	 0
903 	 0
904 	 0
905 	 0
906 	 0
907 	 0
908 	 1
909 	 0
910 	 0
911 	 0
912 	 0
913 	 0
914 	 0
915 	 0
916 	 0
917 	 0
918 	 0
919 	 0
920 	 0
921 	 0
922 	 1
923 	 0
924 	 0
925 	 0
926 	 0
927 	 0
928 	 0
929 	 0
930 	 0
931 	 0
932 	 0
933 	 0
934 	 0
935 	 0
936 	 1
937 	 0
938 	 0
939 	 0
940 	 0
941 	 0
942 	 0
943 	 0
944 	 0
945 	 0
946 	 0
947 	 0
948 	 0
949 	 1
950 	 0
951 	 0
952 	 0
953 	 0
954 	 0
955 	 0
956 	 0
957 	 0
958 	 0
959 	 0
960 	 0
961 	 0
962 	 0
963 	 0
964 	 0
965 	 1
966 	 0
967 	 0
968 	 0
969 	 0
970 	 0
971 	 0
972 	 0
973 	 0
974 	 0
975 	 0
976 	 0
977 	 0
978 	 0
979 	 0
980 	 0
981 	 0
982 	 0
983 	 0
984 	 0
985 	 0
986 	 0
987 	 0
988 	 0
989 	 0
990 	 0
991 	 0
992 	 0
993 	 0
994 	 0
995 	 0
996 	 0
997 	 0
998 	 0
999 	 0
1000 	 0
1001 	 0
1002 	 0
1003 	 0
1004 	 0
1005 	 0
1006 	 0
1007 	 0
1008 	 0
1009 	 0
1010 	 0
1011 	 0
1012 	 0
1013 	 0
1014 	 0
1015 	 0
1016 	 0
1017 	 1
1018 	 0
1019 	 0
1020 	 1
1021 	 0
1022 	 0
1023 	 0


# Energy calibration zero intercept, 0.0 for uncalibrated spectrum: 0.00000
# Energy calibration slope, 1.0 for uncalibrated spectrum: 0.00000
# Energy calibration quadratic term, 0.0 for uncalibrated spectrum: 0.00000
# Peak shape calibration zero intercept, 1.0 for uncalibrated spectrum: 1.00000
# Peak shape calibration slope, 0.0 for uncalibrated spectrum: 0.00000
# Peak shape calibration quadratic term, 0.0 for uncalibrated spectrum: 0.00000
# Detector description: 
# Sample description: 
