SpectrumName : Messung_8.SPC
XUnit        : 
YUnit        : 
Length       : 1024
SubSpcNum    : 1
StartSubSpc  : 0
StopSubSpc   : 0
Comment      : 
Realtime     : 120.000
Livetime     : 119.830
Deadtime     : 0.170
FastChannel  : 8716
Starttime    : 10.01.2000 22:12:29
Stoptime     : 10.01.2000 22:14:29
CalibCoeff   : a=0.000000000E+000 b=0.000000000E+000 c=0.000000000E+000 d=0.000000000E+000
SpectrumText : 0 
0,0,0,0,0,0,0,0
1,4,2,14,7,12,20,16
14,13,14,15,14,16,25,21
17,16,21,14,20,16,16,15
16,31,26,28,21,15,17,25
36,21,22,20,31,27,33,27
30,24,23,30,40,32,36,32
40,25,34,36,34,32,37,32
39,28,33,34,37,36,44,36
34,36,37,35,31,43,36,34
36,30,24,33,25,30,30,30
35,28,24,34,35,38,33,34
28,25,21,25,28,33,33,35
27,21,30,29,26,16,26,28
28,21,28,28,22,17,35,25
26,25,29,26,29,33,19,22
25,24,23,17,17,29,26,20
20,15,32,26,29,19,25,25
22,26,28,24,23,15,24,17
16,20,24,22,19,22,19,25
27,20,18,22,26,19,15,23
19,25,21,17,23,17,13,23
19,24,23,21,18,23,24,19
18,31,20,23,13,21,18,34
11,14,15,21,16,18,15,14
14,10,17,12,16,14,12,15
8,15,8,16,11,5,11,7
10,11,9,7,7,5,9,14
7,9,8,8,10,5,11,10
7,8,12,1,8,14,11,8
6,9,3,6,9,6,11,11
8,10,10,7,14,13,14,17
20,14,24,25,16,24,33,34
37,46,45,52,68,76,75,111
94,107,129,98,122,130,124,118
154,132,113,114,121,90,89,83
76,61,52,59,45,34,29,29
21,23,13,5,12,4,2,3
7,1,1,0,1,2,3,1
0,1,4,1,1,1,0,3
0,1,0,2,3,4,1,0
1,2,7,1,3,0,3,2
2,0,2,2,0,0,1,0
2,1,1,2,1,2,2,0
1,0,1,0,0,0,1,1
0,1,1,1,1,1,0,3
3,0,0,1,1,3,1,1
0,1,1,0,1,0,1,0
0,2,2,1,1,0,2,1
2,1,1,1,1,0,1,2
1,2,3,2,1,2,0,2
0,0,0,2,1,2,1,0
1,0,0,1,1,0,1,4
0,0,1,0,1,1,0,1
0,1,1,1,0,0,0,2
1,3,0,1,0,1,0,0
2,0,3,1,1,0,0,0
0,0,2,1,0,0,0,1
0,1,1,0,0,0,0,2
0,2,0,0,1,0,0,0
1,3,0,0,0,0,0,2
1,0,0,2,1,1,0,0
1,1,0,0,0,0,0,0
0,1,0,0,1,1,0,1
0,2,1,0,0,1,0,0
0,0,0,0,1,1,0,0
0,0,0,0,0,0,0,1
1,0,0,1,0,0,0,0
0,1,1,0,0,0,0,2
0,0,0,2,1,1,0,1
0,0,1,0,0,0,0,1
0,0,0,0,0,0,0,2
0,0,2,1,0,0,0,0
1,2,0,0,1,0,0,0
1,1,3,0,1,0,1,1
1,0,2,1,0,0,0,2
2,1,0,3,1,0,0,0
0,2,0,0,0,0,1,0
0,0,1,0,0,0,1,0
0,0,2,0,0,0,0,1
0,0,0,0,0,0,0,0
0,0,0,0,0,0,0,0
0,0,0,0,0,0,0,0
0,0,1,0,1,0,0,1
0,2,1,0,0,0,0,2
1,0,0,0,0,0,0,0
0,0,1,0,1,0,1,0
0,0,0,0,0,0,0,0
0,0,0,1,0,0,0,0
1,0,1,0,0,0,0,0
0,0,0,0,0,0,1,0
0,0,0,0,0,0,0,0
0,0,0,0,0,0,0,0
0,0,0,0,2,2,0,0
0,0,0,0,0,0,0,0
0,0,0,0,0,0,0,0
0,0,0,0,0,0,1,0
0,0,0,0,0,0,1,0
0,0,0,0,0,0,0,0
0,0,0,0,0,0,0,0
0,0,0,0,0,0,0,0
0,0,0,0,1,1,0,0
0,0,0,0,0,0,0,0
0,1,0,1,0,1,0,0
0,0,0,0,0,0,0,1
0,0,0,0,1,1,0,0
0,0,0,0,0,0,1,0
0,1,0,0,0,0,0,0
0,0,1,0,0,0,0,1
0,0,0,0,0,1,0,1
0,0,0,0,0,0,0,0
0,0,0,0,0,0,0,0
0,0,0,0,0,1,0,0
0,0,0,0,0,0,0,0
0,1,0,0,0,0,0,0
0,1,0,0,0,0,0,0
0,0,0,0,0,0,0,1
0,0,0,0,1,0,1,0
0,0,0,0,0,0,0,0
0,0,0,0,0,0,0,0
0,0,0,0,0,0,0,0
0,0,0,0,0,0,0,0
0,0,1,0,0,0,0,0
0,0,0,0,0,0,0,0
0,0,0,0,0,0,0,0
0,0,0,0,0,0,0,0
0,0,0,0,0,0,0,0
0,0,0,0,0,0,0,0
