SpectrumName : Messung_11.SPC
XUnit        : 
YUnit        : 
Length       : 1024
SubSpcNum    : 1
StartSubSpc  : 0
StopSubSpc   : 0
Comment      : 
Realtime     : 120.000
Livetime     : 119.690
Deadtime     : 0.310
FastChannel  : 12708
Starttime    : 10.01.2000 22:19:55
Stoptime     : 10.01.2000 22:21:55
CalibCoeff   : a=0.000000000E+000 b=0.000000000E+000 c=0.000000000E+000 d=0.000000000E+000
SpectrumText : 0 
0,0,1,0,0,0,0,0
1,3,6,17,10,19,15,22
24,18,25,28,32,25,28,25
21,28,27,26,36,31,20,34
19,24,33,41,34,22,39,35
21,34,31,40,26,31,35,47
30,31,40,46,36,46,38,39
38,35,31,39,42,47,43,43
44,38,37,42,39,57,49,43
37,42,42,56,44,54,57,49
41,55,58,51,50,56,45,48
55,50,52,51,45,38,32,48
41,37,41,45,49,42,44,40
38,36,45,42,42,42,28,33
44,48,30,32,40,31,27,28
34,43,45,31,42,32,36,30
37,37,33,33,45,34,39,38
30,31,27,27,35,28,38,38
41,31,31,38,33,29,29,27
41,32,25,38,34,30,26,25
33,34,34,34,26,34,28,28
38,39,32,36,30,32,39,27
32,34,30,42,28,17,22,31
30,37,44,36,25,38,25,24
20,28,25,22,15,21,24,25
17,18,21,16,17,15,17,12
10,23,11,17,15,13,11,12
18,16,13,15,9,12,11,16
14,12,8,12,14,12,16,13
8,10,8,14,13,7,11,13
15,15,13,11,10,12,13,17
12,10,8,17,12,12,16,12
20,31,27,26,30,45,46,45
75,69,75,92,106,116,131,141
132,154,196,161,206,194,212,232
188,209,195,188,182,172,149,158
138,102,91,100,65,79,69,35
28,28,20,20,18,9,8,11
3,7,2,3,1,1,4,0
2,3,0,0,4,0,1,2
1,0,2,0,0,0,3,3
2,1,0,2,3,3,1,1
1,1,0,3,2,1,1,0
0,1,1,0,1,0,1,1
3,1,0,0,0,1,3,0
1,4,0,2,0,0,1,1
2,2,0,1,4,3,1,1
0,0,2,2,0,2,1,2
0,2,0,1,2,1,1,1
1,2,1,2,4,0,1,2
0,0,0,1,1,0,1,0
4,1,0,0,1,1,1,1
1,1,0,0,0,1,0,0
0,1,0,2,0,1,0,1
0,0,0,1,1,0,1,0
2,1,1,1,0,1,1,0
0,0,0,0,2,0,0,2
0,1,1,2,0,1,0,1
1,0,2,0,1,0,1,0
1,2,0,0,3,1,0,2
0,1,0,0,2,0,0,0
0,0,0,0,0,2,1,0
0,0,0,0,0,0,0,0
1,1,1,1,0,0,1,1
0,0,0,1,2,0,3,0
0,1,0,0,0,0,0,1
1,0,0,1,0,1,0,1
0,1,0,0,0,1,0,0
2,0,1,0,0,0,1,0
0,0,1,1,0,1,0,0
0,0,0,0,2,1,0,0
0,0,0,0,0,2,1,0
1,0,0,0,2,2,0,1
0,1,0,0,2,0,0,1
1,2,1,1,0,0,1,1
0,5,0,0,2,1,0,0
1,0,1,4,0,2,1,1
0,1,0,1,0,1,0,1
0,2,0,1,0,0,0,1
0,0,0,1,0,0,0,0
0,0,0,0,0,1,0,0
0,0,0,1,0,0,0,0
1,0,1,0,1,0,0,0
0,0,0,0,0,0,0,0
0,0,0,0,1,0,0,0
0,0,3,0,0,0,0,0
0,0,0,0,0,0,0,0
0,0,0,0,0,0,1,0
0,0,0,0,0,0,0,0
0,0,1,0,0,0,0,0
1,0,0,0,0,0,0,0
1,0,0,0,0,0,1,0
0,0,0,0,1,0,0,0
0,0,0,0,0,0,0,0
0,0,0,0,0,0,0,0
0,0,0,0,0,0,0,0
0,0,0,0,1,0,0,0
0,0,0,0,0,0,0,0
0,0,0,0,0,0,1,0
0,0,0,0,0,0,0,0
0,0,0,0,0,0,0,0
0,0,0,0,0,0,0,1
0,0,0,0,0,0,0,0
0,0,0,0,2,0,0,0
0,0,0,1,1,1,0,0
0,0,0,0,0,0,0,0
0,0,0,1,0,0,0,0
0,0,0,0,0,0,0,0
0,0,0,0,0,0,0,0
0,0,0,0,0,0,0,0
1,0,0,0,0,0,0,0
0,0,0,0,0,0,0,0
0,0,1,0,0,0,0,0
0,0,0,0,0,0,0,0
0,0,0,0,0,0,0,0
0,1,0,0,1,0,0,0
0,0,0,1,0,0,0,0
0,0,0,0,0,0,1,0
0,0,0,0,0,0,0,0
0,0,0,0,0,0,0,0
0,0,0,0,0,0,0,0
0,0,0,1,0,0,0,0
0,0,0,0,0,0,0,0
0,0,0,0,0,0,0,0
0,0,0,0,0,0,0,0
0,0,0,0,0,0,0,0
0,0,0,0,0,0,0,0
0,0,0,0,0,0,1,0
