SpectrumName : Messung_12.SPC
XUnit        : 
YUnit        : 
Length       : 1024
SubSpcNum    : 1
StartSubSpc  : 0
StopSubSpc   : 0
Comment      : 
Realtime     : 120.000
Livetime     : 119.670
Deadtime     : 0.330
FastChannel  : 13818
Starttime    : 10.01.2000 22:27:23
Stoptime     : 10.01.2000 22:29:23
CalibCoeff   : a=0.000000000E+000 b=0.000000000E+000 c=0.000000000E+000 d=0.000000000E+000
SpectrumText : 0 
0,0,0,0,0,0,0,0
0,0,10,19,18,26,22,25
32,28,27,39,30,28,26,32
31,23,32,27,33,20,30,28
29,35,36,28,33,25,38,42
26,44,35,33,39,52,33,41
43,34,48,49,33,40,43,50
39,40,42,50,38,39,37,45
42,43,58,41,43,45,49,55
46,42,45,40,48,40,43,42
53,43,49,57,46,39,55,55
54,59,44,43,52,24,52,45
43,47,49,42,54,40,47,37
42,61,31,33,32,37,41,34
40,43,37,35,39,51,40,44
34,32,45,37,39,38,46,46
44,34,34,33,49,42,31,50
49,42,40,45,36,46,24,49
32,39,40,33,38,30,34,29
50,35,38,27,30,28,36,30
31,34,29,23,27,40,36,27
36,27,39,37,44,31,23,35
36,29,44,22,30,33,29,35
39,25,39,32,34,33,36,43
31,35,28,22,33,21,27,24
32,24,23,25,23,21,24,15
20,19,9,15,17,17,20,12
18,13,17,13,14,11,18,9
18,16,8,12,14,12,15,14
11,15,16,18,17,14,16,8
12,12,16,14,10,10,8,16
10,14,10,15,11,17,16,24
25,18,21,39,39,35,40,61
57,89,74,116,94,119,130,171
153,195,183,195,233,241,224,264
238,205,220,215,214,190,196,147
142,126,101,83,69,82,54,53
34,33,22,23,18,10,7,9
5,8,3,3,1,2,4,1
1,1,0,2,3,3,1,0
2,3,0,1,1,1,1,0
2,0,1,2,0,3,3,2
2,1,0,2,1,1,1,0
0,0,0,3,1,2,0,3
4,0,2,1,0,5,2,1
1,1,1,1,1,0,2,0
1,3,1,4,1,1,2,1
0,1,1,1,2,0,1,0
1,1,0,1,2,1,1,0
3,0,0,0,0,1,1,4
0,2,1,0,3,0,0,0
1,0,0,2,0,1,1,0
0,0,0,0,0,1,1,0
0,1,1,0,0,1,3,2
2,0,1,0,1,3,0,1
1,0,0,2,1,0,0,1
0,1,1,2,0,0,2,0
1,0,0,0,1,1,0,0
0,0,0,0,3,1,1,1
0,1,1,0,1,0,2,4
0,0,1,0,0,0,1,0
2,1,1,1,0,0,2,2
2,0,0,3,2,1,0,1
0,0,3,0,0,1,0,0
0,1,1,0,0,0,1,2
1,0,0,0,0,0,1,0
2,2,0,0,0,0,0,0
1,0,0,0,1,2,0,0
0,0,1,0,0,0,0,0
1,1,0,0,0,0,0,1
1,1,1,0,0,0,2,0
0,2,0,0,0,1,0,0
0,1,0,0,1,0,1,0
1,1,0,1,0,1,2,0
2,1,2,2,1,0,3,0
1,0,3,2,1,1,0,0
0,1,0,1,2,1,0,0
0,0,0,0,1,0,0,0
0,0,0,1,0,0,0,0
1,0,0,0,0,1,1,0
0,0,0,0,0,1,0,0
0,0,0,1,0,1,0,0
0,0,0,0,0,0,0,1
0,0,0,1,0,0,0,0
0,0,0,0,0,0,0,0
0,0,1,0,0,0,0,0
1,0,0,0,0,0,0,0
0,1,0,0,0,0,0,0
0,0,0,0,0,0,1,1
0,0,0,0,0,1,0,0
0,0,0,0,0,0,0,0
1,0,0,0,0,0,0,1
0,0,1,0,0,0,0,0
0,0,0,0,0,1,0,1
0,0,0,0,0,0,0,0
0,0,0,0,0,0,0,0
0,0,0,0,0,0,0,0
0,0,0,0,0,0,0,0
0,0,0,0,0,0,0,0
0,0,0,0,1,0,0,0
1,0,0,1,0,0,0,0
1,0,0,0,0,0,0,1
0,1,0,0,0,0,0,0
0,0,0,0,0,0,0,0
0,0,0,0,0,0,0,0
0,0,0,0,0,0,0,0
0,0,0,0,0,0,0,0
0,0,0,0,0,0,0,1
0,0,0,1,0,0,0,0
0,1,0,0,0,0,0,0
0,0,0,0,0,0,0,0
0,1,0,0,0,0,0,0
0,0,0,0,0,0,0,0
0,0,0,0,0,0,0,0
0,0,0,0,0,0,0,0
0,0,0,0,0,0,0,0
0,1,0,0,0,0,0,0
0,0,0,0,0,0,0,0
0,0,0,0,0,0,0,0
1,0,0,0,0,0,0,0
0,1,0,0,0,0,0,0
0,0,0,0,0,0,0,0
0,0,0,0,0,0,0,0
0,0,0,0,0,0,0,0
0,0,0,0,0,0,0,0
0,0,0,0,0,0,1,0
0,0,0,0,0,0,0,1
0,0,0,0,0,0,0,0
