# Converted file from inputfile Messung_10.CHN
# MCA number or Detector number: 1
# Segment number (set to 1 in UMCBI): 1
# ASCII seconds of start time: 13616
# Real Time (s): 120.000
# Live Time (s) : 119.720
# Start Date (DDMMMYY): 10JAN00
# Start time (HHMM): 2224
# Channel offset of data: 0
# Number of channels (length of data): 1024

# Data: 

0 	 0
1 	 0
2 	 0
3 	 0
4 	 0
5 	 0
6 	 0
7 	 0
8 	 2
9 	 4
10 	 8
11 	 7
12 	 19
13 	 22
14 	 18
15 	 20
16 	 22
17 	 19
18 	 19
19 	 28
20 	 16
21 	 19
22 	 25
23 	 25
24 	 24
25 	 25
26 	 23
27 	 29
28 	 28
29 	 19
30 	 28
31 	 32
32 	 25
33 	 24
34 	 34
35 	 31
36 	 22
37 	 28
38 	 38
39 	 30
40 	 28
41 	 21
42 	 31
43 	 29
44 	 42
45 	 32
46 	 46
47 	 45
48 	 30
49 	 38
50 	 35
51 	 45
52 	 53
53 	 38
54 	 31
55 	 47
56 	 43
57 	 46
58 	 50
59 	 45
60 	 45
61 	 45
62 	 40
63 	 50
64 	 45
65 	 33
66 	 42
67 	 47
68 	 34
69 	 46
70 	 45
71 	 55
72 	 45
73 	 51
74 	 40
75 	 44
76 	 41
77 	 45
78 	 54
79 	 48
80 	 41
81 	 43
82 	 50
83 	 36
84 	 45
85 	 39
86 	 38
87 	 57
88 	 45
89 	 35
90 	 52
91 	 44
92 	 47
93 	 45
94 	 46
95 	 50
96 	 42
97 	 33
98 	 30
99 	 41
100 	 30
101 	 39
102 	 44
103 	 45
104 	 56
105 	 35
106 	 38
107 	 32
108 	 39
109 	 49
110 	 33
111 	 49
112 	 36
113 	 35
114 	 53
115 	 49
116 	 38
117 	 34
118 	 36
119 	 35
120 	 36
121 	 34
122 	 38
123 	 33
124 	 37
125 	 30
126 	 30
127 	 35
128 	 43
129 	 24
130 	 31
131 	 28
132 	 32
133 	 34
134 	 32
135 	 24
136 	 37
137 	 35
138 	 31
139 	 47
140 	 42
141 	 29
142 	 30
143 	 31
144 	 41
145 	 21
146 	 37
147 	 36
148 	 24
149 	 38
150 	 31
151 	 40
152 	 34
153 	 28
154 	 26
155 	 29
156 	 29
157 	 34
158 	 35
159 	 37
160 	 38
161 	 39
162 	 41
163 	 28
164 	 31
165 	 27
166 	 25
167 	 36
168 	 28
169 	 33
170 	 39
171 	 31
172 	 30
173 	 29
174 	 24
175 	 34
176 	 26
177 	 21
178 	 31
179 	 35
180 	 23
181 	 41
182 	 32
183 	 24
184 	 44
185 	 24
186 	 33
187 	 30
188 	 34
189 	 28
190 	 32
191 	 44
192 	 32
193 	 27
194 	 26
195 	 26
196 	 15
197 	 21
198 	 24
199 	 23
200 	 18
201 	 20
202 	 21
203 	 14
204 	 24
205 	 25
206 	 20
207 	 17
208 	 15
209 	 11
210 	 11
211 	 18
212 	 11
213 	 16
214 	 14
215 	 7
216 	 17
217 	 12
218 	 15
219 	 10
220 	 9
221 	 12
222 	 10
223 	 12
224 	 9
225 	 11
226 	 15
227 	 9
228 	 11
229 	 13
230 	 9
231 	 10
232 	 16
233 	 14
234 	 15
235 	 8
236 	 13
237 	 13
238 	 7
239 	 11
240 	 9
241 	 12
242 	 12
243 	 19
244 	 11
245 	 9
246 	 12
247 	 12
248 	 13
249 	 14
250 	 18
251 	 12
252 	 9
253 	 12
254 	 15
255 	 19
256 	 16
257 	 25
258 	 28
259 	 23
260 	 37
261 	 42
262 	 38
263 	 46
264 	 50
265 	 78
266 	 72
267 	 91
268 	 97
269 	 119
270 	 137
271 	 131
272 	 144
273 	 148
274 	 182
275 	 213
276 	 197
277 	 195
278 	 200
279 	 184
280 	 222
281 	 195
282 	 221
283 	 199
284 	 164
285 	 193
286 	 151
287 	 173
288 	 129
289 	 133
290 	 102
291 	 82
292 	 76
293 	 56
294 	 54
295 	 43
296 	 29
297 	 29
298 	 23
299 	 15
300 	 15
301 	 11
302 	 4
303 	 3
304 	 6
305 	 4
306 	 3
307 	 4
308 	 2
309 	 1
310 	 6
311 	 0
312 	 1
313 	 1
314 	 1
315 	 1
316 	 2
317 	 2
318 	 1
319 	 2
320 	 1
321 	 3
322 	 1
323 	 0
324 	 3
325 	 0
326 	 1
327 	 2
328 	 1
329 	 2
330 	 3
331 	 1
332 	 2
333 	 0
334 	 3
335 	 0
336 	 1
337 	 1
338 	 4
339 	 1
340 	 1
341 	 1
342 	 3
343 	 0
344 	 1
345 	 0
346 	 1
347 	 1
348 	 1
349 	 0
350 	 1
351 	 0
352 	 1
353 	 0
354 	 0
355 	 1
356 	 2
357 	 0
358 	 1
359 	 1
360 	 0
361 	 0
362 	 0
363 	 1
364 	 0
365 	 0
366 	 1
367 	 2
368 	 0
369 	 0
370 	 1
371 	 1
372 	 0
373 	 0
374 	 2
375 	 0
376 	 2
377 	 0
378 	 2
379 	 1
380 	 1
381 	 1
382 	 0
383 	 0
384 	 2
385 	 1
386 	 3
387 	 0
388 	 0
389 	 2
390 	 2
391 	 2
392 	 0
393 	 2
394 	 1
395 	 1
396 	 1
397 	 2
398 	 1
399 	 1
400 	 3
401 	 0
402 	 1
403 	 0
404 	 1
405 	 0
406 	 1
407 	 1
408 	 3
409 	 0
410 	 1
411 	 0
412 	 2
413 	 1
414 	 0
415 	 2
416 	 1
417 	 1
418 	 3
419 	 2
420 	 0
421 	 2
422 	 2
423 	 2
424 	 0
425 	 0
426 	 1
427 	 0
428 	 0
429 	 0
430 	 1
431 	 0
432 	 0
433 	 1
434 	 0
435 	 2
436 	 1
437 	 0
438 	 2
439 	 2
440 	 1
441 	 3
442 	 0
443 	 1
444 	 0
445 	 0
446 	 2
447 	 2
448 	 0
449 	 2
450 	 0
451 	 1
452 	 0
453 	 0
454 	 2
455 	 0
456 	 0
457 	 0
458 	 1
459 	 2
460 	 2
461 	 2
462 	 2
463 	 0
464 	 1
465 	 0
466 	 1
467 	 1
468 	 0
469 	 0
470 	 1
471 	 0
472 	 3
473 	 2
474 	 0
475 	 1
476 	 0
477 	 0
478 	 0
479 	 1
480 	 1
481 	 0
482 	 3
483 	 0
484 	 1
485 	 0
486 	 0
487 	 1
488 	 1
489 	 1
490 	 0
491 	 0
492 	 0
493 	 3
494 	 2
495 	 2
496 	 0
497 	 0
498 	 0
499 	 1
500 	 2
501 	 0
502 	 0
503 	 1
504 	 0
505 	 0
506 	 1
507 	 0
508 	 0
509 	 1
510 	 1
511 	 0
512 	 0
513 	 0
514 	 0
515 	 1
516 	 1
517 	 1
518 	 0
519 	 0
520 	 1
521 	 0
522 	 0
523 	 0
524 	 0
525 	 0
526 	 2
527 	 0
528 	 0
529 	 0
530 	 0
531 	 0
532 	 0
533 	 0
534 	 0
535 	 0
536 	 0
537 	 0
538 	 0
539 	 0
540 	 1
541 	 0
542 	 0
543 	 0
544 	 0
545 	 1
546 	 1
547 	 1
548 	 0
549 	 0
550 	 1
551 	 0
552 	 0
553 	 0
554 	 0
555 	 0
556 	 0
557 	 0
558 	 0
559 	 0
560 	 1
561 	 0
562 	 1
563 	 1
564 	 1
565 	 0
566 	 0
567 	 0
568 	 0
569 	 0
570 	 1
571 	 0
572 	 0
573 	 1
574 	 0
575 	 0
576 	 1
577 	 1
578 	 1
579 	 0
580 	 0
581 	 3
582 	 0
583 	 1
584 	 0
585 	 1
586 	 0
587 	 3
588 	 3
589 	 1
590 	 0
591 	 1
592 	 0
593 	 0
594 	 0
595 	 0
596 	 0
597 	 1
598 	 2
599 	 2
600 	 2
601 	 1
602 	 0
603 	 4
604 	 1
605 	 1
606 	 0
607 	 2
608 	 3
609 	 2
610 	 0
611 	 1
612 	 0
613 	 1
614 	 2
615 	 0
616 	 1
617 	 2
618 	 1
619 	 1
620 	 0
621 	 0
622 	 0
623 	 0
624 	 0
625 	 1
626 	 0
627 	 1
628 	 0
629 	 0
630 	 0
631 	 0
632 	 1
633 	 1
634 	 0
635 	 0
636 	 0
637 	 0
638 	 1
639 	 1
640 	 0
641 	 0
642 	 0
643 	 0
644 	 0
645 	 0
646 	 1
647 	 1
648 	 0
649 	 0
650 	 0
651 	 0
652 	 0
653 	 1
654 	 0
655 	 0
656 	 0
657 	 0
658 	 0
659 	 0
660 	 0
661 	 0
662 	 0
663 	 0
664 	 0
665 	 1
666 	 0
667 	 1
668 	 2
669 	 0
670 	 0
671 	 0
672 	 0
673 	 0
674 	 0
675 	 0
676 	 0
677 	 1
678 	 0
679 	 0
680 	 0
681 	 1
682 	 0
683 	 0
684 	 0
685 	 0
686 	 0
687 	 1
688 	 0
689 	 0
690 	 0
691 	 0
692 	 0
693 	 0
694 	 0
695 	 0
696 	 0
697 	 0
698 	 0
699 	 0
700 	 0
701 	 1
702 	 0
703 	 1
704 	 0
705 	 0
706 	 0
707 	 0
708 	 0
709 	 0
710 	 0
711 	 0
712 	 0
713 	 0
714 	 0
715 	 0
716 	 0
717 	 0
718 	 0
719 	 0
720 	 0
721 	 0
722 	 0
723 	 0
724 	 1
725 	 0
726 	 0
727 	 0
728 	 0
729 	 1
730 	 0
731 	 1
732 	 0
733 	 0
734 	 0
735 	 0
736 	 0
737 	 0
738 	 0
739 	 0
740 	 0
741 	 0
742 	 0
743 	 0
744 	 0
745 	 0
746 	 0
747 	 0
748 	 0
749 	 0
750 	 0
751 	 0
752 	 1
753 	 0
754 	 0
755 	 0
756 	 0
757 	 0
758 	 0
759 	 0
760 	 0
761 	 0
762 	 0
763 	 0
764 	 0
765 	 0
766 	 0
767 	 0
768 	 0
769 	 0
770 	 0
771 	 0
772 	 0
773 	 0
774 	 0
775 	 0
776 	 0
777 	 0
778 	 1
779 	 1
780 	 0
781 	 0
782 	 0
783 	 0
784 	 1
785 	 0
786 	 0
787 	 0
788 	 0
789 	 0
790 	 0
791 	 0
792 	 0
793 	 0
794 	 0
795 	 1
796 	 0
797 	 0
798 	 1
799 	 0
800 	 0
801 	 0
802 	 0
803 	 0
804 	 0
805 	 0
806 	 0
807 	 0
808 	 0
809 	 0
810 	 0
811 	 0
812 	 0
813 	 0
814 	 0
815 	 0
816 	 1
817 	 0
818 	 0
819 	 0
820 	 0
821 	 0
822 	 0
823 	 0
824 	 0
825 	 0
826 	 0
827 	 0
828 	 0
829 	 0
830 	 0
831 	 1
832 	 1
833 	 0
834 	 0
835 	 0
836 	 0
837 	 0
838 	 0
839 	 0
840 	 0
841 	 0
842 	 0
843 	 0
844 	 1
845 	 0
846 	 0
847 	 0
848 	 0
849 	 0
850 	 0
851 	 0
852 	 1
853 	 0
854 	 0
855 	 0
856 	 0
857 	 0
858 	 0
859 	 0
860 	 0
861 	 0
862 	 0
863 	 0
864 	 0
865 	 1
866 	 0
867 	 0
868 	 1
869 	 0
870 	 0
871 	 1
872 	 0
873 	 1
874 	 0
875 	 0
876 	 0
877 	 0
878 	 0
879 	 0
880 	 0
881 	 0
882 	 0
883 	 1
884 	 0
885 	 0
886 	 0
887 	 0
888 	 0
889 	 0
890 	 0
891 	 0
892 	 0
893 	 0
894 	 0
895 	 0
896 	 1
897 	 0
898 	 0
899 	 0
900 	 0
901 	 0
902 	 0
903 	 0
904 	 0
905 	 0
906 	 0
907 	 0
908 	 0
909 	 0
910 	 1
911 	 0
912 	 0
913 	 0
914 	 0
915 	 0
916 	 0
917 	 0
918 	 0
919 	 0
920 	 0
921 	 0
922 	 0
923 	 0
924 	 0
925 	 0
926 	 0
927 	 0
928 	 0
929 	 0
930 	 0
931 	 0
932 	 0
933 	 0
934 	 0
935 	 0
936 	 0
937 	 0
938 	 0
939 	 0
940 	 0
941 	 0
942 	 0
943 	 1
944 	 0
945 	 0
946 	 0
947 	 0
948 	 0
949 	 0
950 	 0
951 	 0
952 	 0
953 	 0
954 	 0
955 	 0
956 	 0
957 	 0
958 	 0
959 	 0
960 	 0
961 	 0
962 	 0
963 	 0
964 	 0
965 	 0
966 	 0
967 	 0
968 	 0
969 	 0
970 	 0
971 	 0
972 	 0
973 	 0
974 	 0
975 	 0
976 	 0
977 	 0
978 	 0
979 	 0
980 	 0
981 	 0
982 	 0
983 	 1
984 	 0
985 	 0
986 	 0
987 	 0
988 	 0
989 	 1
990 	 0
991 	 0
992 	 0
993 	 1
994 	 0
995 	 0
996 	 0
997 	 0
998 	 0
999 	 0
1000 	 0
1001 	 0
1002 	 0
1003 	 0
1004 	 0
1005 	 0
1006 	 0
1007 	 0
1008 	 0
1009 	 0
1010 	 0
1011 	 0
1012 	 0
1013 	 0
1014 	 0
1015 	 0
1016 	 0
1017 	 0
1018 	 0
1019 	 0
1020 	 0
1021 	 0
1022 	 0
1023 	 0


# Energy calibration zero intercept, 0.0 for uncalibrated spectrum: 0.00000
# Energy calibration slope, 1.0 for uncalibrated spectrum: 0.00000
# Energy calibration quadratic term, 0.0 for uncalibrated spectrum: 0.00000
# Peak shape calibration zero intercept, 1.0 for uncalibrated spectrum: 1.00000
# Peak shape calibration slope, 0.0 for uncalibrated spectrum: 0.00000
# Peak shape calibration quadratic term, 0.0 for uncalibrated spectrum: 0.00000
# Detector description: 
# Sample description: 
