SpectrumName : Messung_3.SPC
XUnit        : 
YUnit        : 
Length       : 1024
SubSpcNum    : 1
StartSubSpc  : 0
StopSubSpc   : 0
Comment      : 
Realtime     : 120.000
Livetime     : 119.730
Deadtime     : 0.270
FastChannel  : 15632
Starttime    : 10.01.2000 21:54:37
Stoptime     : 10.01.2000 21:56:38
CalibCoeff   : a=0.000000000E+000 b=0.000000000E+000 c=0.000000000E+000 d=0.000000000E+000
SpectrumText : 0 
0,0,0,0,0,0,0,0
2,5,3,14,17,17,23,33
21,28,30,22,23,29,32,32
37,41,30,35,24,34,38,32
29,32,29,32,36,42,30,31
36,39,33,30,40,43,41,53
45,58,58,57,37,50,50,51
51,47,54,60,53,49,45,50
60,57,73,49,49,50,46,61
53,50,48,52,60,51,69,53
63,59,41,44,62,66,73,59
50,51,52,55,55,51,43,47
43,60,50,48,50,50,47,40
40,56,48,30,41,46,50,45
44,50,42,50,51,45,42,33
47,56,39,40,36,40,44,39
40,50,54,36,36,40,38,51
41,37,40,41,39,40,45,33
36,34,35,33,44,39,37,34
36,30,55,34,40,46,35,45
37,28,42,30,47,28,38,40
42,52,37,32,47,31,30,41
35,42,60,47,41,54,42,28
30,40,41,31,40,28,35,35
37,36,33,27,35,31,21,24
28,25,27,29,21,25,20,26
14,18,17,19,14,17,19,14
15,13,18,18,6,26,11,28
17,7,13,17,16,13,16,17
16,15,14,11,11,11,27,11
11,12,11,11,21,8,18,15
12,14,10,17,21,12,26,24
19,32,45,33,33,51,58,73
73,69,97,120,139,157,165,189
212,212,230,233,261,239,248,269
258,292,283,232,243,219,196,192
192,124,140,105,94,87,63,68
49,43,39,29,20,11,8,15
4,2,8,6,6,1,0,1
0,1,1,2,2,2,0,2
2,0,1,0,0,0,0,1
1,0,1,1,3,0,1,0
2,2,2,0,0,3,2,1
0,2,0,2,0,0,0,0
1,1,0,2,1,1,1,1
0,1,2,2,2,1,1,1
0,0,2,0,1,2,2,1
1,1,1,1,1,0,0,0
1,2,1,0,2,0,0,4
0,1,4,2,0,1,1,1
1,2,0,0,0,1,1,3
1,0,1,0,1,2,2,1
0,2,4,0,0,0,1,4
1,1,0,1,3,0,0,3
1,2,2,2,1,1,0,0
1,0,0,2,0,1,1,0
2,1,0,1,0,2,1,1
0,2,0,2,0,1,0,0
0,1,0,2,2,1,0,0
1,1,1,0,0,0,0,1
1,0,0,1,1,0,0,1
1,0,1,2,1,0,1,0
1,0,1,0,0,0,0,1
0,0,2,0,0,0,1,0
1,0,0,0,0,0,0,0
1,0,0,1,0,1,0,0
1,1,0,0,0,0,1,0
1,2,0,1,0,0,0,0
0,0,1,0,2,0,0,0
4,1,0,0,0,1,0,0
0,0,0,0,1,0,1,0
0,1,1,1,0,0,2,0
0,0,0,0,0,0,0,0
0,0,1,0,0,1,0,0
2,1,1,0,2,1,1,1
0,0,2,0,1,0,2,0
1,2,3,0,0,0,1,1
2,0,0,0,0,0,0,0
0,0,0,0,0,0,0,0
0,0,0,0,0,0,2,1
0,0,0,0,0,0,0,0
1,0,0,0,0,0,0,0
1,0,1,0,1,0,0,1
0,1,1,0,0,1,0,0
0,0,0,0,0,0,0,0
1,0,0,0,0,0,2,0
0,0,0,0,0,0,1,0
0,0,0,2,0,1,1,0
0,1,0,0,0,0,0,0
1,1,0,1,0,0,0,0
0,0,0,0,0,1,0,0
1,1,0,1,0,0,0,0
0,0,0,0,1,0,0,0
0,0,0,0,1,0,0,0
0,0,0,0,0,0,0,0
0,1,0,0,0,0,0,0
0,0,0,0,0,0,1,0
0,0,0,0,0,0,0,0
0,0,0,0,0,0,1,0
0,0,0,0,0,0,0,0
0,0,0,0,0,0,0,0
0,0,0,0,0,0,0,0
0,0,0,0,0,0,0,0
0,0,0,0,0,0,0,0
0,0,0,0,0,0,0,0
2,0,0,0,0,0,0,0
0,0,0,0,0,0,1,0
0,0,0,1,0,1,0,1
0,0,0,0,0,0,0,0
0,0,1,0,0,0,0,0
0,0,0,0,0,1,0,0
0,1,0,0,0,0,0,0
0,0,0,0,0,0,0,0
1,0,0,0,0,0,0,0
0,0,0,0,0,0,0,0
0,0,0,1,1,0,0,1
0,0,0,0,0,0,0,0
0,0,0,0,0,0,1,1
0,1,0,1,1,0,0,0
0,0,0,0,0,0,0,0
0,0,0,0,0,0,0,0
0,0,0,0,0,0,0,0
0,0,0,1,0,0,0,0
0,0,0,0,0,0,0,0
0,0,0,0,0,0,0,0
0,0,0,0,0,0,0,0
0,0,0,0,0,0,1,0
0,0,0,0,0,0,0,0
