SpectrumName : Messung_5.SPC
XUnit        : 
YUnit        : 
Length       : 1024
SubSpcNum    : 1
StartSubSpc  : 0
StopSubSpc   : 0
Comment      : 
Realtime     : 120.000
Livetime     : 119.650
Deadtime     : 0.350
FastChannel  : 12526
Starttime    : 10.01.2000 22:01:19
Stoptime     : 10.01.2000 22:03:19
CalibCoeff   : a=0.000000000E+000 b=0.000000000E+000 c=0.000000000E+000 d=0.000000000E+000
SpectrumText : 0 
0,0,0,0,0,0,0,0
0,2,6,10,8,24,21,16
16,20,24,31,33,22,15,23
28,21,31,33,24,20,23,35
30,34,25,27,25,25,32,28
26,36,33,31,38,42,40,38
38,41,40,39,33,45,31,40
48,48,51,46,46,37,38,41
44,63,46,56,42,47,41,47
48,51,47,57,58,47,39,43
42,55,45,47,43,44,55,52
48,34,39,34,26,53,49,37
40,36,42,37,50,51,31,45
40,41,29,35,35,25,35,34
38,42,42,43,27,40,20,37
36,42,23,36,23,49,33,30
25,28,37,27,35,32,27,19
18,29,37,20,34,27,38,26
31,34,31,24,24,31,29,25
33,34,21,31,37,31,25,38
26,31,32,34,25,28,35,31
35,36,23,22,39,45,26,37
27,43,42,32,38,32,25,38
25,20,41,27,31,36,30,37
30,34,34,23,26,19,21,18
13,19,16,16,15,18,15,12
21,14,10,15,11,15,14,9
12,11,9,22,14,18,13,12
10,10,7,10,11,12,8,8
8,7,9,11,10,8,12,8
5,20,7,14,7,16,16,12
17,15,17,18,8,6,23,16
14,27,24,30,35,46,43,48
59,69,83,108,101,114,113,147
158,150,177,196,208,204,222,209
219,225,190,176,179,159,167,144
127,126,101,86,73,69,52,46
26,24,36,18,8,13,7,6
6,4,3,4,2,0,2,1
3,2,1,0,1,1,4,1
0,0,1,0,1,0,1,2
3,3,2,2,1,2,2,0
2,1,1,2,0,3,3,0
1,0,1,0,2,0,2,2
1,0,1,0,0,1,0,2
0,2,0,1,0,1,1,1
0,1,1,1,3,2,2,0
2,2,1,0,2,0,3,0
0,1,2,2,2,0,1,2
3,0,1,1,1,0,1,1
2,1,1,2,2,1,1,0
0,1,1,3,0,0,1,1
0,1,1,1,1,1,1,0
0,0,1,0,0,0,0,1
1,0,0,1,2,0,3,0
2,0,1,1,1,0,0,0
1,1,0,1,2,1,1,1
1,1,0,1,2,0,2,2
1,1,0,1,1,0,0,1
0,0,1,0,0,1,0,0
0,0,0,1,2,0,0,1
1,1,0,0,1,0,0,1
2,0,1,0,1,1,2,1
0,0,1,0,1,0,1,1
0,0,0,0,0,1,0,1
2,0,0,2,0,0,0,0
1,0,0,0,0,0,0,0
0,2,4,0,1,0,0,0
1,0,0,0,0,0,0,0
0,0,0,1,0,0,0,1
1,0,0,1,4,0,0,2
1,1,0,0,1,1,0,1
1,0,0,0,0,0,1,2
0,1,0,1,2,0,4,1
0,0,1,0,4,0,1,1
1,0,0,1,1,1,0,2
0,0,0,2,0,0,1,0
0,0,0,0,0,0,0,2
0,1,2,1,1,1,1,0
1,0,0,0,0,0,0,0
0,0,0,0,0,0,1,0
0,0,0,0,0,1,0,1
1,0,0,0,0,0,0,0
0,1,0,1,0,0,1,0
0,1,1,0,0,0,1,0
1,0,0,0,0,0,0,0
2,0,0,0,0,0,0,1
0,1,0,0,0,0,0,1
1,1,0,0,1,0,0,0
0,0,0,0,0,0,0,1
0,0,1,0,0,0,0,0
0,0,0,0,0,0,0,0
0,0,0,0,0,0,0,0
0,0,0,0,1,0,0,1
0,1,0,0,0,0,0,0
0,0,0,0,0,0,0,0
0,1,0,0,0,0,0,0
0,0,0,0,0,0,0,0
0,0,0,0,0,0,0,1
0,0,0,0,0,0,0,0
0,0,0,0,0,0,0,0
0,0,0,0,0,0,0,1
0,0,0,0,0,0,0,0
0,0,0,0,0,0,1,0
0,0,0,0,0,0,0,0
0,0,0,0,0,0,0,1
0,0,0,0,0,0,0,0
0,0,0,0,0,0,0,0
0,0,0,0,0,0,0,0
0,1,0,0,0,0,0,0
0,0,0,0,0,0,0,0
0,0,0,0,0,0,0,0
0,0,0,0,0,0,0,0
0,0,0,0,1,0,0,0
0,0,0,0,0,0,0,0
0,0,1,0,0,0,0,0
0,0,0,0,0,0,0,0
1,0,0,0,0,0,0,0
0,0,0,0,0,1,0,0
0,0,0,0,0,0,0,0
0,0,0,0,0,1,0,0
0,0,0,0,0,0,0,0
0,0,0,0,0,0,0,0
0,0,0,0,0,0,0,0
0,0,0,0,0,0,0,0
0,0,0,0,0,0,0,0
0,0,0,0,0,0,0,0
0,1,0,0,1,0,0,0
