SpectrumName : Messung_10.SPC
XUnit        : 
YUnit        : 
Length       : 1024
SubSpcNum    : 1
StartSubSpc  : 0
StopSubSpc   : 0
Comment      : 
Realtime     : 120.000
Livetime     : 119.720
Deadtime     : 0.280
FastChannel  : 12632
Starttime    : 10.01.2000 22:24:05
Stoptime     : 10.01.2000 22:26:06
CalibCoeff   : a=0.000000000E+000 b=0.000000000E+000 c=0.000000000E+000 d=0.000000000E+000
SpectrumText : 0 
0,0,0,0,0,0,0,0
2,4,8,7,19,22,18,20
22,19,19,28,16,19,25,25
24,25,23,29,28,19,28,32
25,24,34,31,22,28,38,30
28,21,31,29,42,32,46,45
30,38,35,45,53,38,31,47
43,46,50,45,45,45,40,50
45,33,42,47,34,46,45,55
45,51,40,44,41,45,54,48
41,43,50,36,45,39,38,57
45,35,52,44,47,45,46,50
42,33,30,41,30,39,44,45
56,35,38,32,39,49,33,49
36,35,53,49,38,34,36,35
36,34,38,33,37,30,30,35
43,24,31,28,32,34,32,24
37,35,31,47,42,29,30,31
41,21,37,36,24,38,31,40
34,28,26,29,29,34,35,37
38,39,41,28,31,27,25,36
28,33,39,31,30,29,24,34
26,21,31,35,23,41,32,24
44,24,33,30,34,28,32,44
32,27,26,26,15,21,24,23
18,20,21,14,24,25,20,17
15,11,11,18,11,16,14,7
17,12,15,10,9,12,10,12
9,11,15,9,11,13,9,10
16,14,15,8,13,13,7,11
9,12,12,19,11,9,12,12
13,14,18,12,9,12,15,19
16,25,28,23,37,42,38,46
50,78,72,91,97,119,137,131
144,148,182,213,197,195,200,184
222,195,221,199,164,193,151,173
129,133,102,82,76,56,54,43
29,29,23,15,15,11,4,3
6,4,3,4,2,1,6,0
1,1,1,1,2,2,1,2
1,3,1,0,3,0,1,2
1,2,3,1,2,0,3,0
1,1,4,1,1,1,3,0
1,0,1,1,1,0,1,0
1,0,0,1,2,0,1,1
0,0,0,1,0,0,1,2
0,0,1,1,0,0,2,0
2,0,2,1,1,1,0,0
2,1,3,0,0,2,2,2
0,2,1,1,1,2,1,1
3,0,1,0,1,0,1,1
3,0,1,0,2,1,0,2
1,1,3,2,0,2,2,2
0,0,1,0,0,0,1,0
0,1,0,2,1,0,2,2
1,3,0,1,0,0,2,2
0,2,0,1,0,0,2,0
0,0,1,2,2,2,2,0
1,0,1,1,0,0,1,0
3,2,0,1,0,0,0,1
1,0,3,0,1,0,0,1
1,1,0,0,0,3,2,2
0,0,0,1,2,0,0,1
0,0,1,0,0,1,1,0
0,0,0,1,1,1,0,0
1,0,0,0,0,0,2,0
0,0,0,0,0,0,0,0
0,0,0,0,1,0,0,0
0,1,1,1,0,0,1,0
0,0,0,0,0,0,0,0
1,0,1,1,1,0,0,0
0,0,1,0,0,1,0,0
1,1,1,0,0,3,0,1
0,1,0,3,3,1,0,1
0,0,0,0,0,1,2,2
2,1,0,4,1,1,0,2
3,2,0,1,0,1,2,0
1,2,1,1,0,0,0,0
0,1,0,1,0,0,0,0
1,1,0,0,0,0,1,1
0,0,0,0,0,0,1,1
0,0,0,0,0,1,0,0
0,0,0,0,0,0,0,0
0,1,0,1,2,0,0,0
0,0,0,0,0,1,0,0
0,1,0,0,0,0,0,1
0,0,0,0,0,0,0,0
0,0,0,0,0,1,0,1
0,0,0,0,0,0,0,0
0,0,0,0,0,0,0,0
0,0,0,0,1,0,0,0
0,1,0,1,0,0,0,0
0,0,0,0,0,0,0,0
0,0,0,0,0,0,0,0
1,0,0,0,0,0,0,0
0,0,0,0,0,0,0,0
0,0,0,0,0,0,0,0
0,0,1,1,0,0,0,0
1,0,0,0,0,0,0,0
0,0,0,1,0,0,1,0
0,0,0,0,0,0,0,0
0,0,0,0,0,0,0,0
1,0,0,0,0,0,0,0
0,0,0,0,0,0,0,1
1,0,0,0,0,0,0,0
0,0,0,0,1,0,0,0
0,0,0,0,1,0,0,0
0,0,0,0,0,0,0,0
0,1,0,0,1,0,0,1
0,1,0,0,0,0,0,0
0,0,0,1,0,0,0,0
0,0,0,0,0,0,0,0
1,0,0,0,0,0,0,0
0,0,0,0,0,0,1,0
0,0,0,0,0,0,0,0
0,0,0,0,0,0,0,0
0,0,0,0,0,0,0,0
0,0,0,0,0,0,0,1
0,0,0,0,0,0,0,0
0,0,0,0,0,0,0,0
0,0,0,0,0,0,0,0
0,0,0,0,0,0,0,0
0,0,0,0,0,0,0,1
0,0,0,0,0,1,0,0
0,1,0,0,0,0,0,0
0,0,0,0,0,0,0,0
0,0,0,0,0,0,0,0
0,0,0,0,0,0,0,0
