SpectrumName : Messung_2.SPC
XUnit        : 
YUnit        : 
Length       : 1024
SubSpcNum    : 1
StartSubSpc  : 0
StopSubSpc   : 0
Comment      : 
Realtime     : 120.000
Livetime     : 119.680
Deadtime     : 0.320
FastChannel  : 8484
Starttime    : 10.01.2000 21:51:23
Stoptime     : 10.01.2000 21:53:23
CalibCoeff   : a=0.000000000E+000 b=0.000000000E+000 c=0.000000000E+000 d=0.000000000E+000
SpectrumText : 0 
0,0,0,0,0,0,0,0
0,3,7,8,8,20,13,15
10,13,16,16,17,14,11,16
12,18,20,24,16,15,20,16
19,29,23,20,17,18,26,26
21,20,28,29,20,24,20,26
25,27,29,32,30,31,40,34
33,22,37,36,35,39,27,38
35,28,32,28,32,36,31,39
39,34,32,33,31,37,26,43
28,35,35,39,35,33,25,36
35,37,36,36,32,25,31,29
33,30,32,30,29,33,35,26
24,23,22,37,34,37,25,21
37,18,31,22,23,33,26,23
17,23,18,24,18,20,28,18
28,30,25,20,23,33,21,23
24,17,24,20,21,24,28,23
29,25,20,20,16,25,21,23
23,14,11,19,20,23,20,15
20,17,18,26,17,17,29,15
20,21,15,24,19,25,16,25
24,22,20,19,24,19,20,19
16,23,17,18,16,22,35,10
10,19,17,21,11,19,15,19
19,14,11,14,12,10,9,12
12,8,13,6,6,6,6,14
5,11,12,10,9,6,6,7
12,5,6,9,8,6,10,5
11,11,7,5,9,5,8,7
9,11,3,9,6,12,6,4
5,14,8,8,7,12,13,15
17,19,19,16,23,22,23,29
39,49,63,59,60,75,73,82
99,90,106,126,115,127,141,107
120,120,127,126,107,100,87,77
61,52,54,56,53,39,30,36
16,16,14,7,7,6,5,7
0,1,1,6,3,2,2,0
1,0,1,2,2,1,0,1
1,2,0,1,1,1,1,0
1,2,1,3,2,0,0,2
1,3,2,0,0,0,1,1
1,0,0,0,1,0,2,2
2,2,0,2,2,0,3,1
0,1,1,4,1,0,2,1
1,2,2,2,0,2,0,0
0,1,1,2,1,1,1,0
3,0,0,1,2,1,2,1
2,2,0,0,2,1,0,1
2,4,0,1,0,1,1,2
1,0,0,1,1,2,3,0
1,0,0,4,1,0,0,0
1,1,0,1,1,0,0,0
0,0,0,1,0,1,2,1
2,1,1,0,1,1,0,0
0,0,1,3,0,0,0,1
1,1,0,1,0,2,1,0
0,2,0,0,0,0,0,0
0,0,0,0,0,1,0,1
0,1,1,0,1,1,1,0
0,2,3,0,0,0,1,2
3,1,0,0,1,0,0,1
3,1,0,0,0,0,1,2
0,0,0,0,0,0,2,1
0,1,0,0,1,0,0,1
0,1,1,1,0,1,0,0
1,0,2,0,1,0,1,1
0,0,0,1,0,1,1,0
1,0,0,0,0,0,0,1
1,0,1,0,0,1,0,0
0,0,1,0,0,0,1,2
0,1,0,1,0,0,0,0
2,0,1,0,3,1,2,2
1,2,0,0,1,0,0,0
1,4,1,1,1,4,2,0
0,2,0,0,0,3,1,0
1,1,0,0,0,1,1,0
0,0,0,0,0,1,0,0
0,0,0,0,0,0,0,0
0,1,0,0,0,0,0,0
0,0,0,0,0,0,0,0
0,0,0,0,0,0,0,0
0,0,0,0,0,0,0,0
0,0,0,0,0,0,2,0
0,0,0,0,0,0,0,1
0,0,0,1,1,0,0,0
1,0,0,1,0,0,0,1
0,0,0,0,0,0,1,0
0,1,0,0,0,0,0,0
0,0,0,0,0,0,0,0
1,0,0,0,0,1,1,1
0,0,0,0,0,0,0,1
0,1,0,0,0,1,1,0
0,1,1,0,0,0,0,0
0,0,0,0,0,0,0,0
0,0,0,0,0,1,0,0
0,1,0,0,0,0,0,0
0,1,0,1,0,0,0,0
0,0,0,0,0,0,0,0
0,0,0,0,0,0,0,0
0,0,0,0,0,0,0,0
0,0,0,0,0,0,0,0
0,0,0,0,0,0,0,0
0,0,0,0,0,0,0,0
0,0,0,0,0,0,0,0
0,0,0,0,0,0,0,0
0,0,0,0,0,0,0,0
0,1,0,0,0,0,0,0
0,0,0,0,0,0,0,1
0,0,0,0,0,0,0,0
0,0,0,0,0,0,0,0
0,0,0,0,0,0,0,0
0,0,0,0,0,1,0,0
0,0,0,0,0,0,0,0
0,0,0,0,0,0,0,0
1,0,0,1,0,0,0,0
0,0,0,0,0,0,0,0
0,0,0,0,0,0,0,0
0,0,0,0,0,0,0,0
0,0,0,0,0,0,0,0
0,0,0,0,0,0,0,0
0,0,0,1,0,0,0,0
0,0,0,0,0,0,0,0
0,0,0,0,0,0,0,0
0,0,0,0,0,0,0,0
0,0,0,0,0,0,0,1
0,0,0,0,0,0,0,0
