SpectrumName : Messung_4.SPC
XUnit        : 
YUnit        : 
Length       : 1024
SubSpcNum    : 1
StartSubSpc  : 0
StopSubSpc   : 0
Comment      : 
Realtime     : 120.000
Livetime     : 119.790
Deadtime     : 0.210
FastChannel  : 12640
Starttime    : 10.01.2000 21:58:10
Stoptime     : 10.01.2000 22:00:10
CalibCoeff   : a=0.000000000E+000 b=0.000000000E+000 c=0.000000000E+000 d=0.000000000E+000
SpectrumText : 0 
0,0,0,0,0,0,0,0
0,1,8,15,15,15,19,21
20,30,31,29,27,24,24,23
28,29,22,27,31,22,24,20
33,32,33,19,23,25,33,26
29,34,20,34,47,30,46,39
40,37,52,36,43,42,43,54
35,48,42,40,39,38,48,51
44,43,29,54,46,40,40,39
42,42,43,44,33,45,50,58
50,57,48,46,51,35,53,51
46,38,40,44,30,35,44,39
40,34,42,54,34,35,29,47
37,43,38,39,35,44,29,42
26,43,41,31,32,38,34,38
46,28,39,41,31,33,31,19
29,23,34,38,32,21,45,37
33,38,23,36,40,34,40,34
23,33,31,27,28,29,37,32
27,32,38,31,35,22,39,28
32,33,28,31,26,33,37,33
22,29,39,27,29,36,47,29
23,24,34,33,28,28,31,34
24,22,29,30,30,28,27,35
28,20,30,24,21,22,22,21
22,12,18,15,18,18,16,17
17,23,20,15,15,16,18,10
16,21,11,17,11,15,13,12
9,12,9,14,13,9,9,13
3,12,6,7,6,13,15,9
11,13,13,11,13,16,13,12
9,15,17,8,13,7,19,20
12,24,22,30,39,42,53,61
61,41,75,86,118,98,133,134
152,181,165,175,205,193,219,221
214,207,218,191,176,186,155,154
142,118,98,102,79,61,62,42
43,27,21,19,16,12,7,18
4,5,2,8,0,2,1,0
2,0,2,0,2,3,0,4
4,1,2,3,2,1,3,0
0,0,0,0,2,1,1,3
1,1,1,3,0,0,1,0
0,2,0,3,2,0,0,0
0,2,0,0,0,2,1,2
1,1,1,1,2,0,1,0
2,1,1,0,1,2,3,2
2,1,0,0,2,1,1,0
0,2,0,0,0,0,2,0
2,0,3,0,0,0,1,0
2,2,1,0,2,3,1,1
0,0,0,0,1,4,0,3
1,0,2,0,0,2,1,0
0,0,1,0,0,0,0,2
0,1,1,1,0,0,3,0
1,1,1,2,0,1,0,0
0,1,2,3,1,0,1,0
2,2,0,3,0,0,2,1
2,2,1,0,1,2,1,1
0,0,1,1,1,2,1,0
0,0,2,0,1,1,1,3
1,0,1,0,0,0,0,2
0,0,1,0,2,0,2,2
0,1,0,0,0,0,1,3
1,1,0,2,0,1,1,0
0,1,0,0,0,0,0,1
0,0,0,0,0,0,0,0
0,0,0,2,1,1,2,0
1,1,0,0,1,0,0,0
0,2,0,0,0,0,1,0
0,0,0,1,0,1,1,0
0,0,2,0,0,0,0,1
1,0,0,0,2,1,1,0
0,2,0,0,0,2,1,0
2,1,0,0,0,3,0,2
1,2,3,0,1,0,3,1
1,1,0,3,0,0,1,0
0,1,0,0,0,0,0,1
1,0,1,0,1,0,0,0
0,0,0,0,0,0,0,0
0,0,1,0,0,0,0,1
2,0,0,0,1,0,0,0
2,0,0,0,0,0,0,0
0,0,0,0,0,0,0,0
0,0,0,0,0,0,0,0
0,0,0,0,2,0,0,1
0,0,0,1,0,0,0,0
0,0,0,0,0,0,1,1
0,0,1,0,1,0,0,0
0,2,1,1,0,0,0,0
0,0,0,0,0,0,0,0
0,0,0,0,1,1,0,0
0,0,0,0,0,0,0,0
0,0,0,0,0,1,0,0
0,0,0,0,0,0,0,0
0,0,1,0,0,1,0,0
0,0,0,1,0,1,0,0
0,0,0,1,0,0,0,0
0,0,0,0,0,0,0,1
0,0,0,0,0,0,0,0
0,0,0,1,0,0,0,1
0,0,0,0,0,0,0,0
0,0,0,0,0,0,0,0
0,0,0,0,0,0,0,0
0,0,0,0,0,0,0,0
0,0,0,0,0,0,0,1
0,0,0,0,0,0,0,0
0,0,0,0,0,0,0,0
0,0,1,1,0,1,0,0
0,0,0,0,0,0,0,0
0,0,0,0,0,0,0,0
0,1,0,1,0,1,0,0
0,0,0,0,0,0,0,0
0,0,0,0,0,0,1,0
0,0,1,0,0,0,0,0
0,0,0,0,0,0,0,0
0,0,0,0,0,0,0,0
0,0,0,0,0,0,0,0
0,0,0,0,0,0,0,0
0,0,0,0,0,0,0,0
0,0,0,0,0,0,0,0
0,0,0,0,0,0,0,0
0,0,0,0,0,0,0,0
0,0,0,0,0,0,0,0
0,0,1,0,0,0,0,0
0,0,0,0,0,0,0,0
0,0,0,0,0,0,0,0
0,0,0,0,0,0,0,0
