SpectrumName : Messung_6.SPC
XUnit        : 
YUnit        : 
Length       : 1024
SubSpcNum    : 1
StartSubSpc  : 0
StopSubSpc   : 0
Comment      : 
Realtime     : 120.000
Livetime     : 119.750
Deadtime     : 0.250
FastChannel  : 13890
Starttime    : 10.01.2000 22:04:34
Stoptime     : 10.01.2000 22:06:34
CalibCoeff   : a=0.000000000E+000 b=0.000000000E+000 c=0.000000000E+000 d=0.000000000E+000
SpectrumText : 0 
0,0,0,0,0,0,0,0
2,4,6,20,19,22,12,22
25,22,34,26,38,26,29,19
29,29,31,40,27,23,32,40
24,32,35,29,40,38,39,34
30,31,32,26,30,41,57,40
41,37,51,41,45,47,39,38
53,45,39,46,38,50,40,46
44,45,45,45,48,50,50,60
39,54,55,48,50,49,43,51
55,36,53,31,46,47,46,42
55,40,45,44,53,59,45,44
36,46,48,46,38,50,53,49
33,53,34,48,39,43,41,31
48,44,42,40,31,36,36,37
44,34,36,43,45,33,49,43
29,46,34,47,36,48,37,35
35,34,39,33,42,40,40,41
25,35,29,40,34,39,33,34
42,37,36,33,36,33,36,47
29,28,28,46,31,44,33,22
40,25,36,44,39,28,26,34
32,39,40,32,37,33,45,39
38,30,33,29,37,29,37,35
29,20,36,33,31,25,30,21
35,22,27,29,10,20,18,13
24,15,12,14,16,22,15,19
25,5,10,15,21,9,19,9
7,14,11,9,18,13,9,15
8,16,13,15,15,15,15,13
9,12,18,22,12,7,18,12
16,12,18,18,23,15,15,25
30,29,32,28,32,51,56,53
69,71,91,100,114,129,139,165
151,181,176,183,217,223,187,252
220,233,240,231,199,168,178,169
145,121,127,99,101,74,46,47
42,32,21,21,19,14,8,7
2,3,6,6,2,4,3,3
0,0,0,0,1,2,1,0
1,2,2,3,4,0,2,0
1,1,1,2,0,3,0,0
0,1,0,1,2,2,1,1
1,2,2,0,2,0,3,0
1,3,2,2,1,0,1,1
0,1,0,1,2,1,1,0
0,2,0,3,1,1,2,0
2,2,2,0,1,1,1,1
0,1,1,0,0,1,0,4
2,3,1,3,0,0,1,1
2,1,0,0,0,0,2,1
2,2,1,2,0,1,0,0
1,2,1,2,1,0,0,0
3,0,2,1,0,1,0,1
1,0,0,0,1,1,0,1
0,1,0,1,1,0,0,0
1,0,2,1,1,0,0,0
1,0,0,0,2,0,2,2
0,0,0,1,0,1,1,0
1,0,1,0,0,1,2,1
0,0,1,1,1,1,1,1
0,0,1,1,0,0,1,0
0,1,2,0,0,0,0,0
1,0,0,0,0,0,0,0
1,0,0,0,1,0,0,0
1,1,2,1,0,0,0,1
0,0,0,0,0,1,1,0
0,3,0,0,0,1,0,0
0,1,0,0,1,0,0,0
0,1,0,0,1,2,2,1
0,0,0,0,1,1,0,1
0,0,2,1,1,0,0,0
1,0,0,0,0,1,2,1
1,0,2,1,1,0,1,0
1,1,1,1,0,1,0,1
0,2,0,2,0,0,2,1
1,1,1,0,0,0,0,0
0,0,1,0,0,0,1,0
0,1,1,0,0,0,0,1
0,0,0,0,0,0,0,0
0,0,1,0,0,1,0,0
0,0,0,0,0,0,1,0
1,0,0,0,0,0,0,0
1,0,0,1,0,0,0,0
0,0,0,0,0,0,0,0
0,0,0,0,0,0,0,0
0,0,0,1,1,0,0,0
0,0,0,0,0,0,0,0
1,0,0,1,0,0,0,0
0,0,0,0,0,0,0,0
0,0,0,1,1,0,0,0
0,0,2,0,0,0,0,1
0,0,0,0,0,0,0,0
0,0,0,0,0,0,0,0
0,0,0,0,0,0,0,0
0,0,0,0,0,0,0,0
0,0,0,0,0,0,0,1
0,0,0,0,0,0,0,0
0,0,0,1,0,0,0,0
0,0,0,0,0,0,0,0
0,0,0,0,0,0,0,1
0,0,0,0,0,0,0,0
1,1,0,0,0,0,0,1
0,0,0,1,0,0,0,0
0,0,0,0,0,0,0,0
0,1,0,0,0,0,0,0
0,0,0,2,0,0,0,1
1,0,0,0,1,0,0,1
0,1,0,1,0,0,0,0
0,0,0,0,0,0,0,0
0,0,0,0,0,0,0,0
0,0,0,0,0,0,1,0
0,0,0,0,0,0,0,0
1,0,0,0,0,0,0,0
0,0,0,0,0,0,0,0
0,0,0,0,0,0,0,0
0,0,0,0,0,0,0,0
1,0,0,0,0,0,0,0
0,0,0,0,0,0,0,0
0,0,0,0,0,0,0,0
0,0,0,0,0,0,0,0
0,0,0,0,0,0,0,0
0,0,0,0,0,0,0,0
0,0,0,0,0,0,0,0
0,0,0,0,0,0,0,0
0,0,0,0,0,0,0,0
0,0,0,0,0,0,0,0
0,0,0,0,0,0,0,0
