SpectrumName : Messung_1.SPC
XUnit        : 
YUnit        : 
Length       : 1024
SubSpcNum    : 1
StartSubSpc  : 0
StopSubSpc   : 0
Comment      : 
Realtime     : 120.000
Livetime     : 119.790
Deadtime     : 0.210
FastChannel  : 11624
Starttime    : 10.01.2000 21:43:37
Stoptime     : 10.01.2000 21:45:37
CalibCoeff   : a=0.000000000E+000 b=0.000000000E+000 c=0.000000000E+000 d=0.000000000E+000
SpectrumText : 0 
0,0,0,0,0,0,0,0
1,6,6,9,9,18,15,16
24,17,21,25,23,18,33,29
24,26,25,31,18,26,26,26
21,30,18,22,31,24,25,27
33,25,38,28,36,34,45,34
36,33,43,46,38,43,44,32
38,40,37,46,43,48,50,39
30,41,53,35,48,44,46,48
39,39,47,43,32,34,50,43
39,45,28,38,46,46,32,42
33,47,36,40,42,48,47,32
43,34,42,34,33,27,39,42
38,35,41,30,28,27,29,40
34,33,42,34,33,33,32,25
34,29,48,27,34,39,32,29
35,37,30,34,30,32,24,26
23,33,29,33,33,38,31,29
36,22,24,31,28,38,34,29
26,36,32,29,23,19,27,22
24,32,36,27,34,25,31,19
29,27,24,37,36,32,34,21
23,37,32,34,30,29,34,20
28,29,34,30,29,25,32,29
21,27,28,24,16,22,24,17
17,20,22,14,14,14,9,15
18,13,13,16,22,8,14,14
13,7,11,9,17,9,15,12
11,8,7,13,7,5,12,13
11,11,8,7,12,16,10,15
11,12,11,5,8,15,11,9
8,11,14,11,11,17,17,18
16,19,23,24,23,34,46,53
47,68,83,86,88,114,121,147
158,129,161,198,188,188,195,186
206,203,171,153,153,145,162,133
101,104,92,79,69,46,41,35
22,15,24,15,10,6,8,13
3,4,2,3,1,1,1,1
1,1,1,2,1,1,1,3
2,1,2,1,2,1,0,4
2,1,5,2,1,0,0,3
1,1,2,2,1,0,1,4
0,0,0,0,0,3,2,3
2,0,3,1,1,1,0,3
1,3,0,0,1,0,1,1
0,1,1,1,0,0,3,1
0,2,2,1,0,1,1,1
0,0,0,3,1,0,1,2
0,0,0,0,1,0,0,2
0,1,1,0,1,0,3,0
1,1,0,1,1,1,0,1
0,0,3,1,0,0,1,1
0,0,1,1,1,1,1,1
1,0,1,2,2,0,1,1
0,1,0,0,0,2,1,1
1,0,0,0,1,0,0,2
0,0,1,1,1,1,2,0
0,1,2,1,0,0,1,0
0,0,1,0,0,0,1,2
2,1,1,0,0,1,1,0
0,0,0,1,2,2,0,0
0,0,0,0,1,0,0,0
0,1,0,0,2,1,2,0
0,0,0,0,0,0,1,0
1,1,0,1,0,0,1,0
1,0,0,0,0,0,0,1
0,1,0,0,0,1,0,0
0,0,0,0,0,0,0,1
0,0,0,0,0,0,1,1
0,0,0,1,0,0,1,0
1,0,0,1,0,1,0,2
2,2,0,0,1,0,3,0
0,0,1,0,0,2,0,2
0,0,0,2,0,0,1,1
1,0,0,2,1,1,0,1
0,0,0,2,0,0,0,1
0,0,0,0,0,0,0,0
0,0,0,2,1,0,1,0
0,0,0,2,0,0,0,0
1,0,0,0,0,0,1,0
0,0,0,0,0,0,0,0
0,0,1,0,0,0,0,1
0,0,0,0,1,0,0,1
1,0,0,0,0,0,0,0
1,0,0,0,0,0,0,0
0,0,0,0,2,0,0,0
0,0,0,0,0,1,0,0
0,0,0,0,1,0,1,0
0,0,0,0,0,0,0,0
0,0,1,0,0,0,0,0
0,0,0,0,0,0,0,0
0,0,0,1,0,0,0,1
0,1,0,0,0,0,0,0
0,0,0,1,0,0,0,0
1,0,0,0,1,0,1,0
0,0,0,0,0,0,0,1
0,0,1,2,0,0,0,0
2,0,0,0,0,0,0,0
0,0,0,1,0,0,0,1
0,0,0,0,0,0,0,0
0,1,0,0,0,0,0,0
0,0,0,0,0,0,0,0
0,0,0,0,0,0,0,0
0,0,0,0,0,0,0,0
0,0,0,0,0,0,0,0
0,0,1,0,0,0,0,0
0,0,0,0,0,0,0,0
0,0,0,0,0,1,0,0
0,0,0,0,0,0,0,0
0,0,0,1,0,0,0,0
0,0,0,0,0,0,0,0
0,0,0,0,0,0,0,0
0,0,0,0,0,0,0,0
1,0,0,0,0,0,0,0
0,0,0,0,0,0,0,0
0,0,0,0,0,0,0,0
0,0,0,0,0,0,0,0
0,0,0,0,0,0,0,0
0,0,0,0,0,0,0,0
0,0,0,0,0,0,0,0
0,0,0,0,0,1,0,0
0,0,1,0,0,0,0,0
0,0,0,0,0,0,0,0
0,0,0,0,0,0,0,0
0,0,0,0,0,0,0,0
0,0,0,0,0,0,0,0
0,0,0,0,0,0,0,0
