# Converted file from inputfile Messung_3.CHN
# MCA number or Detector number: 1
# Segment number (set to 1 in UMCBI): 1
# ASCII seconds of start time: 14131
# Real Time (s): 120.000
# Live Time (s) : 119.740
# Start Date (DDMMMYY): 10JAN00
# Start time (HHMM): 2154
# Channel offset of data: 0
# Number of channels (length of data): 1024

# Data: 

0 	 0
1 	 0
2 	 0
3 	 0
4 	 0
5 	 0
6 	 0
7 	 0
8 	 2
9 	 5
10 	 3
11 	 14
12 	 17
13 	 17
14 	 23
15 	 33
16 	 21
17 	 28
18 	 30
19 	 22
20 	 23
21 	 29
22 	 32
23 	 32
24 	 37
25 	 41
26 	 30
27 	 35
28 	 24
29 	 34
30 	 38
31 	 32
32 	 29
33 	 32
34 	 29
35 	 32
36 	 36
37 	 42
38 	 30
39 	 31
40 	 36
41 	 39
42 	 33
43 	 30
44 	 40
45 	 43
46 	 41
47 	 53
48 	 45
49 	 58
50 	 58
51 	 57
52 	 37
53 	 50
54 	 50
55 	 51
56 	 51
57 	 47
58 	 54
59 	 60
60 	 53
61 	 49
62 	 45
63 	 50
64 	 60
65 	 57
66 	 73
67 	 49
68 	 49
69 	 50
70 	 46
71 	 61
72 	 53
73 	 50
74 	 48
75 	 52
76 	 60
77 	 51
78 	 69
79 	 53
80 	 63
81 	 59
82 	 41
83 	 44
84 	 62
85 	 66
86 	 73
87 	 59
88 	 50
89 	 51
90 	 52
91 	 55
92 	 55
93 	 51
94 	 43
95 	 47
96 	 43
97 	 60
98 	 50
99 	 48
100 	 50
101 	 50
102 	 47
103 	 40
104 	 40
105 	 56
106 	 48
107 	 30
108 	 41
109 	 46
110 	 50
111 	 45
112 	 44
113 	 50
114 	 42
115 	 50
116 	 51
117 	 45
118 	 42
119 	 33
120 	 47
121 	 56
122 	 39
123 	 40
124 	 36
125 	 40
126 	 44
127 	 39
128 	 40
129 	 50
130 	 54
131 	 36
132 	 36
133 	 40
134 	 38
135 	 51
136 	 41
137 	 37
138 	 40
139 	 41
140 	 39
141 	 40
142 	 45
143 	 33
144 	 36
145 	 34
146 	 35
147 	 33
148 	 44
149 	 39
150 	 37
151 	 34
152 	 36
153 	 30
154 	 55
155 	 34
156 	 40
157 	 46
158 	 35
159 	 45
160 	 37
161 	 28
162 	 42
163 	 30
164 	 47
165 	 28
166 	 38
167 	 40
168 	 42
169 	 52
170 	 37
171 	 32
172 	 47
173 	 31
174 	 30
175 	 41
176 	 35
177 	 42
178 	 60
179 	 47
180 	 41
181 	 54
182 	 42
183 	 28
184 	 30
185 	 40
186 	 41
187 	 31
188 	 40
189 	 28
190 	 35
191 	 35
192 	 37
193 	 36
194 	 33
195 	 27
196 	 35
197 	 31
198 	 21
199 	 24
200 	 28
201 	 25
202 	 27
203 	 29
204 	 21
205 	 25
206 	 20
207 	 26
208 	 14
209 	 18
210 	 17
211 	 19
212 	 14
213 	 17
214 	 19
215 	 14
216 	 15
217 	 13
218 	 18
219 	 18
220 	 6
221 	 26
222 	 11
223 	 28
224 	 17
225 	 7
226 	 13
227 	 17
228 	 16
229 	 13
230 	 16
231 	 17
232 	 16
233 	 15
234 	 14
235 	 11
236 	 11
237 	 11
238 	 27
239 	 11
240 	 11
241 	 12
242 	 11
243 	 11
244 	 21
245 	 8
246 	 18
247 	 15
248 	 12
249 	 14
250 	 10
251 	 17
252 	 21
253 	 12
254 	 26
255 	 24
256 	 19
257 	 32
258 	 45
259 	 33
260 	 33
261 	 51
262 	 58
263 	 73
264 	 73
265 	 69
266 	 97
267 	 120
268 	 139
269 	 157
270 	 165
271 	 189
272 	 212
273 	 212
274 	 230
275 	 233
276 	 261
277 	 239
278 	 248
279 	 269
280 	 258
281 	 292
282 	 283
283 	 232
284 	 243
285 	 219
286 	 196
287 	 192
288 	 192
289 	 124
290 	 140
291 	 105
292 	 94
293 	 87
294 	 63
295 	 68
296 	 49
297 	 43
298 	 39
299 	 29
300 	 20
301 	 11
302 	 8
303 	 15
304 	 4
305 	 2
306 	 8
307 	 6
308 	 6
309 	 1
310 	 0
311 	 1
312 	 0
313 	 1
314 	 1
315 	 2
316 	 2
317 	 2
318 	 0
319 	 2
320 	 2
321 	 0
322 	 1
323 	 0
324 	 0
325 	 0
326 	 0
327 	 1
328 	 1
329 	 0
330 	 1
331 	 1
332 	 3
333 	 0
334 	 1
335 	 0
336 	 2
337 	 2
338 	 2
339 	 0
340 	 0
341 	 3
342 	 2
343 	 1
344 	 0
345 	 2
346 	 0
347 	 2
348 	 0
349 	 0
350 	 0
351 	 0
352 	 1
353 	 1
354 	 0
355 	 2
356 	 1
357 	 1
358 	 1
359 	 1
360 	 0
361 	 1
362 	 2
363 	 2
364 	 2
365 	 1
366 	 1
367 	 1
368 	 0
369 	 0
370 	 2
371 	 0
372 	 1
373 	 2
374 	 2
375 	 1
376 	 1
377 	 1
378 	 1
379 	 1
380 	 1
381 	 0
382 	 0
383 	 0
384 	 1
385 	 2
386 	 1
387 	 0
388 	 2
389 	 0
390 	 0
391 	 4
392 	 0
393 	 1
394 	 4
395 	 2
396 	 0
397 	 1
398 	 1
399 	 1
400 	 1
401 	 2
402 	 0
403 	 0
404 	 0
405 	 1
406 	 1
407 	 3
408 	 1
409 	 0
410 	 1
411 	 0
412 	 1
413 	 2
414 	 2
415 	 1
416 	 0
417 	 2
418 	 4
419 	 0
420 	 0
421 	 0
422 	 1
423 	 4
424 	 1
425 	 1
426 	 0
427 	 1
428 	 3
429 	 0
430 	 0
431 	 3
432 	 1
433 	 2
434 	 2
435 	 2
436 	 1
437 	 1
438 	 0
439 	 0
440 	 1
441 	 0
442 	 0
443 	 2
444 	 0
445 	 1
446 	 1
447 	 0
448 	 2
449 	 1
450 	 0
451 	 1
452 	 0
453 	 2
454 	 1
455 	 1
456 	 0
457 	 2
458 	 0
459 	 2
460 	 0
461 	 1
462 	 0
463 	 0
464 	 0
465 	 1
466 	 0
467 	 2
468 	 2
469 	 1
470 	 0
471 	 0
472 	 1
473 	 1
474 	 1
475 	 0
476 	 0
477 	 0
478 	 0
479 	 1
480 	 1
481 	 0
482 	 0
483 	 1
484 	 1
485 	 0
486 	 0
487 	 1
488 	 1
489 	 0
490 	 1
491 	 2
492 	 1
493 	 0
494 	 1
495 	 0
496 	 1
497 	 0
498 	 1
499 	 0
500 	 0
501 	 0
502 	 0
503 	 1
504 	 0
505 	 0
506 	 2
507 	 0
508 	 0
509 	 0
510 	 1
511 	 0
512 	 1
513 	 0
514 	 0
515 	 0
516 	 0
517 	 0
518 	 0
519 	 0
520 	 1
521 	 0
522 	 0
523 	 1
524 	 0
525 	 1
526 	 0
527 	 0
528 	 1
529 	 1
530 	 0
531 	 0
532 	 0
533 	 0
534 	 1
535 	 0
536 	 1
537 	 2
538 	 0
539 	 1
540 	 0
541 	 0
542 	 0
543 	 0
544 	 0
545 	 0
546 	 1
547 	 0
548 	 2
549 	 0
550 	 0
551 	 0
552 	 4
553 	 1
554 	 0
555 	 0
556 	 0
557 	 1
558 	 0
559 	 0
560 	 0
561 	 0
562 	 0
563 	 0
564 	 1
565 	 0
566 	 1
567 	 0
568 	 0
569 	 1
570 	 1
571 	 1
572 	 0
573 	 0
574 	 2
575 	 0
576 	 0
577 	 0
578 	 0
579 	 0
580 	 0
581 	 0
582 	 0
583 	 0
584 	 0
585 	 0
586 	 1
587 	 0
588 	 0
589 	 1
590 	 0
591 	 0
592 	 2
593 	 1
594 	 1
595 	 0
596 	 2
597 	 1
598 	 1
599 	 1
600 	 0
601 	 0
602 	 2
603 	 0
604 	 1
605 	 0
606 	 2
607 	 0
608 	 1
609 	 2
610 	 3
611 	 0
612 	 0
613 	 0
614 	 1
615 	 1
616 	 2
617 	 0
618 	 0
619 	 0
620 	 0
621 	 0
622 	 0
623 	 0
624 	 0
625 	 0
626 	 0
627 	 0
628 	 0
629 	 0
630 	 0
631 	 0
632 	 0
633 	 0
634 	 0
635 	 0
636 	 0
637 	 0
638 	 2
639 	 1
640 	 0
641 	 0
642 	 0
643 	 0
644 	 0
645 	 0
646 	 0
647 	 0
648 	 1
649 	 0
650 	 0
651 	 0
652 	 0
653 	 0
654 	 0
655 	 0
656 	 1
657 	 0
658 	 1
659 	 0
660 	 1
661 	 0
662 	 0
663 	 1
664 	 0
665 	 1
666 	 1
667 	 0
668 	 0
669 	 1
670 	 0
671 	 0
672 	 0
673 	 0
674 	 0
675 	 0
676 	 0
677 	 0
678 	 0
679 	 0
680 	 1
681 	 0
682 	 0
683 	 0
684 	 0
685 	 0
686 	 2
687 	 0
688 	 0
689 	 0
690 	 0
691 	 0
692 	 0
693 	 0
694 	 1
695 	 0
696 	 0
697 	 0
698 	 0
699 	 2
700 	 0
701 	 1
702 	 1
703 	 0
704 	 0
705 	 1
706 	 0
707 	 0
708 	 0
709 	 0
710 	 0
711 	 0
712 	 1
713 	 1
714 	 0
715 	 1
716 	 0
717 	 0
718 	 0
719 	 0
720 	 0
721 	 0
722 	 0
723 	 0
724 	 0
725 	 1
726 	 0
727 	 0
728 	 1
729 	 1
730 	 0
731 	 1
732 	 0
733 	 0
734 	 0
735 	 0
736 	 0
737 	 0
738 	 0
739 	 0
740 	 1
741 	 0
742 	 0
743 	 0
744 	 0
745 	 0
746 	 0
747 	 0
748 	 1
749 	 0
750 	 0
751 	 0
752 	 0
753 	 0
754 	 0
755 	 0
756 	 0
757 	 0
758 	 0
759 	 0
760 	 0
761 	 1
762 	 0
763 	 0
764 	 0
765 	 0
766 	 0
767 	 0
768 	 0
769 	 0
770 	 0
771 	 0
772 	 0
773 	 0
774 	 1
775 	 0
776 	 0
777 	 0
778 	 0
779 	 0
780 	 0
781 	 0
782 	 0
783 	 0
784 	 0
785 	 0
786 	 0
787 	 0
788 	 0
789 	 0
790 	 1
791 	 0
792 	 0
793 	 0
794 	 0
795 	 0
796 	 0
797 	 0
798 	 0
799 	 0
800 	 0
801 	 0
802 	 0
803 	 0
804 	 0
805 	 0
806 	 0
807 	 0
808 	 0
809 	 0
810 	 0
811 	 0
812 	 0
813 	 0
814 	 0
815 	 0
816 	 0
817 	 0
818 	 0
819 	 0
820 	 0
821 	 0
822 	 0
823 	 0
824 	 0
825 	 0
826 	 0
827 	 0
828 	 0
829 	 0
830 	 0
831 	 0
832 	 0
833 	 0
834 	 0
835 	 0
836 	 0
837 	 0
838 	 0
839 	 0
840 	 2
841 	 0
842 	 0
843 	 0
844 	 0
845 	 0
846 	 0
847 	 0
848 	 0
849 	 0
850 	 0
851 	 0
852 	 0
853 	 0
854 	 1
855 	 0
856 	 0
857 	 0
858 	 0
859 	 1
860 	 0
861 	 1
862 	 0
863 	 1
864 	 0
865 	 0
866 	 0
867 	 0
868 	 0
869 	 0
870 	 0
871 	 0
872 	 0
873 	 0
874 	 1
875 	 0
876 	 0
877 	 0
878 	 0
879 	 0
880 	 0
881 	 0
882 	 0
883 	 0
884 	 0
885 	 1
886 	 0
887 	 0
888 	 0
889 	 1
890 	 0
891 	 0
892 	 0
893 	 0
894 	 0
895 	 0
896 	 0
897 	 0
898 	 0
899 	 0
900 	 0
901 	 0
902 	 0
903 	 0
904 	 1
905 	 0
906 	 0
907 	 0
908 	 0
909 	 0
910 	 0
911 	 0
912 	 0
913 	 0
914 	 0
915 	 0
916 	 0
917 	 0
918 	 0
919 	 0
920 	 0
921 	 0
922 	 0
923 	 1
924 	 1
925 	 0
926 	 0
927 	 1
928 	 0
929 	 0
930 	 0
931 	 0
932 	 0
933 	 0
934 	 0
935 	 0
936 	 0
937 	 0
938 	 0
939 	 0
940 	 0
941 	 0
942 	 1
943 	 1
944 	 0
945 	 1
946 	 0
947 	 1
948 	 1
949 	 0
950 	 0
951 	 0
952 	 0
953 	 0
954 	 0
955 	 0
956 	 0
957 	 0
958 	 0
959 	 0
960 	 0
961 	 0
962 	 0
963 	 0
964 	 0
965 	 0
966 	 0
967 	 0
968 	 0
969 	 0
970 	 0
971 	 0
972 	 0
973 	 0
974 	 0
975 	 0
976 	 0
977 	 0
978 	 0
979 	 1
980 	 0
981 	 0
982 	 0
983 	 0
984 	 0
985 	 0
986 	 0
987 	 0
988 	 0
989 	 0
990 	 0
991 	 0
992 	 0
993 	 0
994 	 0
995 	 0
996 	 0
997 	 0
998 	 0
999 	 0
1000 	 0
1001 	 0
1002 	 0
1003 	 0
1004 	 0
1005 	 0
1006 	 0
1007 	 0
1008 	 0
1009 	 0
1010 	 0
1011 	 0
1012 	 0
1013 	 0
1014 	 1
1015 	 0
1016 	 0
1017 	 0
1018 	 0
1019 	 0
1020 	 0
1021 	 0
1022 	 0
1023 	 0


# Energy calibration zero intercept, 0.0 for uncalibrated spectrum: 0.00000
# Energy calibration slope, 1.0 for uncalibrated spectrum: 0.00000
# Energy calibration quadratic term, 0.0 for uncalibrated spectrum: 0.00000
# Peak shape calibration zero intercept, 1.0 for uncalibrated spectrum: 1.00000
# Peak shape calibration slope, 0.0 for uncalibrated spectrum: 0.00000
# Peak shape calibration quadratic term, 0.0 for uncalibrated spectrum: 0.00000
# Detector description: 
# Sample description: 
