SpectrumName : Messung_7.SPC
XUnit        : 
YUnit        : 
Length       : 1024
SubSpcNum    : 1
StartSubSpc  : 0
StopSubSpc   : 0
Comment      : 
Realtime     : 120.000
Livetime     : 119.760
Deadtime     : 0.240
FastChannel  : 14836
Starttime    : 10.01.2000 22:08:39
Stoptime     : 10.01.2000 22:10:39
CalibCoeff   : a=0.000000000E+000 b=0.000000000E+000 c=0.000000000E+000 d=0.000000000E+000
SpectrumText : 0 
0,0,0,0,0,0,0,0
1,3,5,20,21,15,17,27
29,28,36,32,25,32,33,31
29,28,28,35,32,31,33,23
32,42,21,37,34,27,46,43
35,32,40,42,53,36,45,48
40,33,43,48,43,51,48,56
48,43,40,64,49,45,46,54
38,61,54,59,46,39,50,57
61,55,65,51,65,57,40,51
43,43,39,56,51,45,51,48
58,48,46,50,44,50,50,39
46,47,48,48,43,46,45,45
46,37,38,41,35,58,38,35
49,41,36,39,41,32,35,42
48,45,51,46,31,51,41,29
32,36,42,48,30,45,47,34
32,30,33,42,40,30,25,42
35,36,39,31,43,31,36,35
31,44,29,34,48,26,41,34
30,30,40,29,38,35,35,39
36,34,37,33,50,38,37,46
34,39,26,32,36,31,33,40
41,38,46,40,36,35,34,26
39,34,24,37,32,41,32,34
25,31,25,24,25,24,23,17
18,17,17,23,21,15,16,20
13,10,19,18,7,12,19,11
15,9,14,14,10,7,10,9
14,18,9,15,13,12,13,13
8,14,12,15,11,11,13,20
11,13,15,11,24,20,17,20
23,24,32,27,46,28,58,53
74,68,94,113,126,148,156,182
187,224,208,214,229,251,269,242
239,261,231,230,221,228,192,202
158,152,133,117,96,94,57,51
43,34,26,18,25,16,8,12
5,5,4,2,3,0,4,3
2,3,4,1,1,0,0,5
1,3,1,0,4,1,1,2
1,1,2,1,2,1,1,0
1,0,1,3,2,1,2,0
4,1,1,2,0,2,1,0
1,3,3,0,0,1,1,0
1,3,0,2,1,0,1,3
2,1,2,1,0,1,0,2
0,2,1,1,0,0,3,1
1,3,0,1,0,2,0,0
0,1,0,2,0,0,1,1
1,0,1,1,1,0,1,0
0,1,0,2,2,2,0,1
0,0,1,1,1,1,1,1
3,2,1,2,0,0,2,1
0,1,0,0,1,0,1,1
0,0,0,1,0,0,1,1
3,1,0,1,2,0,0,1
1,1,0,2,0,1,0,2
0,2,0,1,1,1,4,0
1,1,1,1,1,0,1,0
0,1,0,1,0,3,0,1
1,1,0,2,0,0,1,0
1,3,2,0,0,0,0,1
1,0,2,1,0,0,1,1
0,0,0,2,0,1,1,0
0,0,0,2,0,0,1,2
0,0,0,0,0,0,0,0
1,0,0,0,0,0,0,0
1,0,0,1,1,0,1,0
1,0,0,0,1,1,0,0
0,0,1,1,1,0,0,0
0,0,1,1,0,0,1,0
0,1,1,0,1,0,0,1
0,1,1,1,0,0,0,0
1,3,0,1,0,0,3,0
0,1,0,2,1,2,0,0
2,2,0,0,3,1,0,0
0,0,1,0,0,0,0,0
0,0,1,0,0,0,2,0
0,1,0,1,0,0,0,0
0,0,0,1,1,0,0,0
0,0,0,0,0,1,0,0
0,0,0,0,0,0,0,0
0,1,0,0,0,0,1,0
0,1,0,0,0,0,1,0
0,0,0,0,0,0,0,0
0,0,0,0,0,0,0,0
0,0,0,0,0,0,1,0
0,0,0,0,0,0,0,0
0,0,1,0,0,0,0,0
0,0,0,0,1,0,0,0
0,0,1,0,0,0,1,0
0,0,0,0,0,0,1,0
0,0,0,0,0,0,0,0
1,0,0,0,0,0,0,0
0,0,0,0,0,1,0,0
0,0,0,0,0,0,0,0
0,0,0,0,0,0,0,0
0,0,0,0,0,1,0,0
0,0,0,0,0,0,0,0
0,0,0,0,0,0,0,0
0,0,0,0,0,0,0,0
0,0,0,0,0,0,0,1
1,0,0,0,0,0,0,0
0,0,0,0,1,0,0,0
0,0,0,0,0,0,0,1
0,0,0,0,0,0,0,1
0,0,1,0,1,1,0,0
0,0,0,0,0,0,0,0
0,0,1,0,0,0,1,0
0,0,0,0,0,0,0,0
0,0,0,0,0,0,0,0
0,0,0,0,1,0,0,0
0,0,1,0,0,0,0,0
0,0,0,0,0,0,0,0
0,0,0,0,0,0,0,0
0,0,0,0,0,0,1,0
0,1,1,1,0,0,0,0
0,1,0,0,0,0,0,0
0,0,0,0,0,0,0,0
0,1,0,0,0,0,0,0
0,0,0,0,0,0,0,0
0,0,0,0,1,0,0,0
0,0,0,0,0,0,0,0
0,0,0,1,0,0,0,0
0,0,0,0,0,0,0,0
0,0,0,0,0,0,0,0
0,0,0,0,0,0,1,0
