SpectrumName : Messung_9.SPC
XUnit        : 
YUnit        : 
Length       : 1024
SubSpcNum    : 1
StartSubSpc  : 0
StopSubSpc   : 0
Comment      : 
Realtime     : 120.000
Livetime     : 119.730
Deadtime     : 0.270
FastChannel  : 12688
Starttime    : 10.01.2000 22:16:07
Stoptime     : 10.01.2000 22:18:07
CalibCoeff   : a=0.000000000E+000 b=0.000000000E+000 c=0.000000000E+000 d=0.000000000E+000
SpectrumText : 0 
0,0,0,0,0,0,0,0
0,6,5,17,17,21,25,19
29,26,24,36,20,33,17,25
25,24,22,23,29,25,17,31
23,28,27,33,21,37,22,33
30,32,41,27,31,35,43,28
32,45,33,58,35,37,31,29
31,39,34,43,44,56,49,37
33,39,49,55,35,47,31,55
50,54,51,50,40,53,46,47
43,58,49,30,39,26,43,40
66,38,46,39,48,39,32,43
28,39,43,39,53,35,48,47
43,39,43,46,38,34,31,28
35,30,40,25,36,38,40,38
33,26,39,40,30,27,34,31
35,35,42,32,27,32,34,39
34,43,36,30,39,37,33,29
38,40,29,38,34,30,33,26
32,28,27,32,24,37,29,30
27,29,38,36,24,32,38,35
34,37,31,25,39,27,22,36
38,36,31,35,30,36,38,27
35,40,37,36,35,34,28,30
27,26,29,22,22,28,21,25
20,8,14,19,17,15,10,18
11,15,19,20,13,15,8,14
15,11,15,18,10,12,9,7
10,11,13,8,10,9,14,15
11,10,10,15,12,16,16,4
12,14,8,11,14,16,17,13
7,17,14,13,9,17,16,26
17,24,26,34,25,42,52,56
62,71,88,97,101,104,128,131
157,163,163,176,207,182,221,207
214,224,193,184,192,189,166,136
130,117,114,99,80,73,50,48
31,31,20,19,19,5,14,3
1,3,5,1,0,0,2,3
0,1,3,2,0,1,2,1
1,3,1,2,2,0,2,0
3,0,2,6,0,1,1,1
2,0,1,2,1,1,1,0
3,1,1,1,0,3,3,3
1,3,0,1,3,1,0,1
1,2,1,0,0,1,1,1
3,3,1,2,1,2,0,1
1,1,2,0,1,0,0,0
2,2,0,2,1,1,0,0
0,1,0,2,1,0,1,2
1,1,1,0,0,1,1,1
1,1,1,0,0,0,0,0
0,0,0,1,1,0,3,0
0,1,0,1,3,0,1,0
0,0,0,0,0,1,0,0
2,0,0,0,2,0,2,0
4,0,0,2,2,2,0,0
0,1,2,1,1,0,0,1
1,0,1,0,0,1,2,0
2,0,0,0,1,0,1,4
1,0,3,0,1,0,0,0
1,0,0,1,0,1,1,0
0,0,1,0,1,0,0,3
0,0,1,2,0,0,1,0
3,1,1,1,2,0,0,0
1,0,0,0,0,0,0,1
0,0,1,0,0,1,0,0
0,0,1,0,0,0,0,0
0,0,1,0,0,1,0,0
0,0,1,0,0,0,0,1
0,0,0,0,0,0,0,0
0,0,0,1,1,0,0,1
0,1,1,1,1,1,1,1
1,1,1,2,0,2,0,2
0,0,4,3,2,1,2,2
0,1,0,2,2,0,2,0
0,2,2,1,0,1,2,0
1,0,2,0,0,1,0,0
0,0,1,0,0,0,0,0
1,0,0,0,0,0,0,1
0,1,0,0,0,0,0,0
0,0,0,0,0,0,0,0
0,0,0,0,0,0,1,0
1,0,0,0,0,0,0,0
0,0,0,0,0,1,1,0
0,0,0,0,1,0,0,1
1,0,1,0,0,1,0,1
1,0,0,0,0,0,0,1
0,0,0,0,0,0,0,0
0,0,0,0,0,1,0,0
0,0,0,1,0,0,0,0
0,0,1,0,0,0,0,1
0,1,0,0,0,0,0,0
0,0,0,0,0,0,0,0
0,0,0,0,0,0,0,0
0,0,0,0,0,0,0,0
0,0,1,0,0,0,0,0
0,0,0,0,0,0,0,1
0,1,0,0,0,0,0,0
0,0,0,0,1,0,0,0
0,0,0,0,0,0,0,0
0,0,0,0,0,0,0,0
0,0,0,0,0,0,0,0
0,0,0,1,0,0,0,1
0,0,0,0,0,1,0,0
0,0,0,0,0,0,2,0
0,0,0,0,0,0,1,1
1,0,1,0,0,1,0,0
0,0,0,0,0,0,0,1
0,0,0,0,0,1,0,0
1,0,0,0,0,0,0,1
0,0,0,1,0,0,0,0
1,0,0,1,0,0,0,0
0,0,0,0,0,0,0,0
0,0,0,0,0,0,0,0
0,0,0,2,0,0,0,0
0,0,0,0,0,0,0,1
0,0,0,1,0,0,0,0
0,0,0,0,0,1,0,0
0,0,0,0,0,1,0,0
0,0,0,0,0,0,0,0
0,0,1,0,0,0,0,0
0,0,0,0,0,0,0,0
0,0,0,0,0,0,0,0
0,0,0,0,0,0,0,0
0,0,0,0,0,0,0,0
0,0,0,1,0,0,0,0
0,0,1,0,0,1,0,0
