SpectrumName : Messung_9.SPC
XUnit        : 
YUnit        : 
Length       : 1024
SubSpcNum    : 1
StartSubSpc  : 0
StopSubSpc   : 0
Comment      : 
Realtime     : 180.000
Livetime     : 179.400
Deadtime     : 0.600
FastChannel  : 10762
Starttime    : 11.01.2000 00:52:40
Stoptime     : 11.01.2000 00:55:40
CalibCoeff   : a=0.000000000E+000 b=0.000000000E+000 c=0.000000000E+000 d=0.000000000E+000
SpectrumText : 0 
0,0,0,0,0,0,0,0
0,3,3,10,9,15,18,12
21,19,21,30,16,16,16,12
26,28,17,23,28,25,19,23
37,31,36,28,27,25,25,34
33,30,43,32,32,39,34,36
40,34,39,46,38,44,46,47
41,56,51,46,43,45,40,61
52,41,43,44,46,52,43,41
38,49,56,38,40,44,42,38
55,57,40,39,50,34,42,45
42,49,28,45,35,30,36,38
44,32,37,36,41,37,35,27
30,39,37,32,39,38,34,42
31,31,39,24,40,50,32,34
29,31,26,31,29,32,28,34
20,33,33,29,34,33,20,25
33,27,30,33,32,24,18,21
34,34,31,22,22,30,35,36
29,25,17,22,30,25,28,25
23,25,27,25,21,22,25,22
17,29,26,25,19,24,26,30
34,30,15,27,18,18,24,21
18,19,27,27,24,24,17,24
25,17,18,26,20,21,17,15
15,24,19,15,21,9,10,7
12,9,11,8,15,13,9,15
6,11,9,10,23,10,9,6
13,13,4,10,6,2,5,6
10,10,8,5,8,7,7,9
12,9,11,10,13,9,11,11
16,8,6,12,10,9,17,18
29,16,21,27,33,30,46,39
50,55,64,80,82,89,105,90
122,149,121,144,149,160,144,139
138,151,141,138,118,108,97,104
104,88,65,64,34,39,42,27
23,20,21,10,7,6,11,5
4,3,1,2,3,3,1,2
1,3,2,1,3,2,0,2
4,0,1,1,1,1,1,0
1,2,1,1,5,1,1,2
1,1,0,0,2,3,3,1
1,0,2,2,1,3,0,1
0,2,2,0,5,3,0,0
1,2,0,1,3,3,0,1
3,0,2,4,2,0,1,1
0,2,2,0,1,2,1,1
0,2,1,1,0,2,1,1
3,0,3,0,2,2,3,4
2,0,2,2,2,0,1,0
1,1,2,1,1,1,1,0
3,1,3,3,0,0,0,2
2,0,1,1,2,0,1,0
0,0,1,2,0,1,1,0
2,1,0,1,1,1,0,1
0,0,3,2,0,3,0,0
1,0,1,3,2,3,3,1
1,1,1,1,1,1,3,4
0,1,2,4,1,2,1,0
1,3,1,1,0,1,3,1
0,1,0,1,0,2,2,2
2,1,3,0,2,0,1,0
0,0,0,0,0,1,1,1
1,0,2,2,2,1,0,1
0,0,1,0,2,0,1,0
0,0,0,0,0,1,2,0
0,0,1,0,0,0,0,0
2,0,0,0,0,1,1,0
0,3,1,1,1,1,1,1
1,3,1,0,1,0,1,0
1,1,2,1,0,3,0,0
1,1,1,0,1,1,1,1
4,0,0,2,0,2,1,0
0,1,1,1,1,2,0,5
5,1,1,1,1,0,1,2
0,3,1,2,4,0,0,2
0,1,0,0,1,1,2,0
0,1,0,0,1,0,0,0
0,0,1,0,0,0,0,1
0,2,0,1,2,0,1,0
0,0,0,1,0,0,0,0
0,0,0,0,0,0,0,1
0,0,0,1,0,0,0,0
0,1,0,0,0,0,0,0
0,2,0,0,1,0,0,0
0,0,0,0,0,0,0,0
0,1,0,1,1,1,0,0
0,0,1,0,0,0,0,0
0,0,0,0,0,0,1,0
0,0,1,0,1,0,0,0
0,0,0,0,0,1,0,0
0,0,1,0,0,0,0,2
0,0,0,0,0,0,0,0
2,1,0,0,0,0,0,1
0,0,0,0,1,0,0,0
0,0,0,0,0,0,0,1
0,0,0,0,0,0,0,0
0,0,0,0,1,1,0,0
0,0,0,0,0,0,0,0
0,0,1,0,1,0,0,0
0,0,0,0,0,0,0,0
0,1,1,0,0,1,0,0
0,0,0,0,0,1,0,0
0,0,0,0,0,0,0,0
0,1,0,0,0,0,1,2
0,0,0,0,0,1,0,0
3,0,1,0,0,0,0,0
0,0,0,0,0,0,0,0
0,0,0,0,0,0,0,1
0,0,0,0,1,1,0,0
0,0,0,0,0,1,0,0
0,0,0,0,1,0,0,0
1,0,0,0,0,0,0,0
0,0,0,1,1,0,0,0
1,0,0,1,0,0,0,0
0,0,0,0,0,0,0,0
0,0,0,0,1,0,0,0
0,0,0,0,0,0,1,0
1,0,0,0,1,1,0,0
0,1,0,0,0,0,0,0
0,0,0,0,0,0,1,0
0,0,0,0,0,0,0,0
0,0,0,1,0,0,0,0
0,1,0,0,0,0,0,0
0,0,0,0,0,0,0,0
0,0,0,0,0,0,0,0
0,0,0,0,0,0,0,0
