SpectrumName : Messung_4.SPC
XUnit        : 
YUnit        : 
Length       : 1024
SubSpcNum    : 1
StartSubSpc  : 0
StopSubSpc   : 0
Comment      : 
Realtime     : 180.000
Livetime     : 179.540
Deadtime     : 0.460
FastChannel  : 12284
Starttime    : 11.01.2000 00:31:15
Stoptime     : 11.01.2000 00:34:15
CalibCoeff   : a=0.000000000E+000 b=0.000000000E+000 c=0.000000000E+000 d=0.000000000E+000
SpectrumText : 0 
0,0,0,0,0,0,0,0
1,4,5,11,18,20,19,26
18,26,20,19,30,24,25,26
30,22,24,20,29,30,25,22
27,32,40,35,34,32,37,34
40,34,32,38,41,44,39,47
53,40,53,45,46,33,51,44
39,35,50,44,54,47,50,39
46,46,39,56,52,57,54,47
46,50,45,58,44,50,57,52
43,66,52,55,51,46,60,41
57,39,42,50,40,57,49,47
39,46,40,48,42,47,52,35
48,38,50,34,40,38,33,35
46,44,30,33,27,30,34,32
37,46,29,36,40,37,38,34
27,35,39,41,27,38,37,34
25,31,24,54,33,41,26,35
19,25,29,26,30,36,30,26
39,36,38,25,24,30,31,28
31,27,25,28,23,30,29,27
16,25,35,32,21,27,30,24
38,26,32,30,37,34,39,23
35,32,27,24,28,30,23,31
29,20,17,29,31,30,20,18
30,13,21,14,19,19,17,14
12,13,9,14,14,11,13,9
14,9,14,12,8,5,12,14
14,11,15,7,9,14,12,9
8,15,8,13,11,9,9,12
8,9,8,8,18,13,17,12
8,15,15,13,16,20,14,18
19,15,26,29,20,25,44,35
60,71,62,87,93,80,108,132
128,153,165,172,145,156,164,184
182,161,161,192,137,141,147,104
98,100,85,72,74,45,41,23
35,26,14,15,18,5,6,6
3,6,5,5,4,3,3,0
3,2,1,3,5,2,2,2
1,2,4,1,2,2,4,1
0,2,3,3,0,3,3,1
2,3,0,1,1,1,1,0
2,3,3,1,3,2,1,1
3,3,4,4,2,4,1,1
1,1,2,0,0,0,2,0
2,0,0,2,2,6,4,3
2,2,0,0,3,2,2,1
3,1,0,1,0,1,1,3
2,0,3,5,2,2,1,0
1,1,2,4,1,2,0,2
1,0,3,1,3,1,0,1
0,2,1,1,2,2,2,0
1,0,2,1,1,1,1,2
1,5,1,1,4,0,1,1
0,1,2,0,1,0,0,1
1,1,0,1,2,2,1,2
0,2,2,1,1,2,4,0
0,0,3,0,1,0,2,1
1,2,0,2,1,2,2,1
3,1,1,0,0,0,1,1
1,1,1,0,2,1,1,0
1,0,1,0,0,1,1,0
1,2,1,0,2,1,0,1
0,0,0,1,0,1,0,2
0,0,0,2,0,0,0,1
1,1,1,2,1,0,0,0
0,0,0,1,0,0,1,0
3,0,0,0,0,0,0,1
1,0,2,1,0,0,1,0
0,0,0,0,1,0,0,0
2,1,0,0,2,0,2,0
0,1,1,2,0,1,0,2
0,0,1,1,1,2,2,0
1,4,3,4,2,2,2,6
1,0,0,0,0,1,2,2
1,1,0,0,1,3,1,0
0,0,1,1,0,1,0,0
0,2,1,0,0,1,0,2
0,1,0,1,1,0,1,0
0,0,0,0,0,1,0,0
0,0,0,0,0,0,0,1
0,0,0,0,0,0,0,0
0,0,0,0,0,0,0,0
0,0,0,0,0,0,0,1
1,1,1,0,0,0,0,0
1,0,0,0,0,0,1,0
0,0,0,0,0,1,0,0
0,1,2,0,0,1,0,1
0,1,1,0,0,1,1,0
2,0,0,0,1,0,0,1
0,1,0,1,1,0,0,0
0,0,0,0,0,0,0,0
0,1,0,0,0,0,0,0
0,0,0,0,1,0,0,1
0,1,0,0,0,0,0,1
0,0,0,0,0,0,0,0
0,1,0,0,0,0,0,0
0,0,0,0,0,0,0,0
1,0,0,0,0,1,0,0
0,1,0,0,1,0,0,0
0,0,0,0,0,1,0,0
1,0,0,0,0,0,0,0
1,0,0,0,0,0,0,0
0,0,0,0,0,0,0,0
0,0,1,0,1,0,0,1
0,0,0,0,1,0,0,2
0,0,0,0,0,0,0,0
0,0,0,0,0,0,0,0
0,0,0,0,0,1,0,0
0,0,0,0,1,0,0,0
0,0,1,0,1,0,0,0
0,1,0,0,0,0,1,0
0,0,0,0,0,0,0,1
0,0,0,0,0,2,0,0
0,0,0,0,0,0,0,0
0,0,0,0,0,0,0,1
0,0,0,0,0,0,0,0
2,0,0,0,0,0,0,1
0,0,0,0,0,0,0,0
0,0,0,0,0,0,0,0
0,1,0,0,0,0,0,0
0,0,0,0,0,0,0,0
0,0,0,0,0,0,0,0
0,0,0,0,0,0,0,0
0,0,0,0,0,0,0,0
1,0,0,0,0,0,1,0
0,0,0,0,0,0,1,0
