SpectrumName : Messung_8.SPC
XUnit        : 
YUnit        : 
Length       : 1024
SubSpcNum    : 1
StartSubSpc  : 0
StopSubSpc   : 0
Comment      : 
Realtime     : 180.000
Livetime     : 179.490
Deadtime     : 0.510
FastChannel  : 8640
Starttime    : 11.01.2000 00:48:43
Stoptime     : 11.01.2000 00:51:44
CalibCoeff   : a=0.000000000E+000 b=0.000000000E+000 c=0.000000000E+000 d=0.000000000E+000
SpectrumText : 0 
0,0,0,0,0,0,0,0
1,1,5,4,14,11,19,13
18,16,18,9,13,20,18,20
21,16,17,15,14,28,21,22
19,22,20,27,30,22,22,22
24,20,30,33,22,31,35,34
34,39,40,31,35,36,38,40
36,33,46,40,46,40,42,32
46,30,42,35,41,42,41,47
32,37,36,42,43,40,49,43
36,34,37,29,34,27,38,43
37,39,46,34,31,26,36,37
37,50,35,34,30,43,30,26
37,29,30,25,27,27,23,36
27,19,27,31,26,25,25,30
30,23,19,20,25,18,30,28
20,30,23,22,20,17,25,20
21,20,28,20,21,17,30,28
17,20,26,16,20,18,23,13
22,14,16,20,24,18,19,19
13,14,14,16,20,13,23,22
22,18,21,17,27,14,19,16
13,18,23,20,21,24,14,26
11,20,21,22,25,14,16,27
19,23,25,16,16,13,17,23
10,17,8,17,16,4,12,6
16,9,10,12,14,8,7,9
4,13,9,12,5,8,3,5
5,7,5,9,8,15,9,15
9,10,10,4,5,6,6,13
10,10,15,7,17,13,5,11
5,7,18,14,13,13,11,13
10,14,23,21,23,22,18,30
47,45,32,53,62,68,81,75
90,71,103,80,94,102,107,112
91,105,81,87,90,76,64,70
35,59,47,40,42,32,23,17
18,10,13,12,14,6,2,7
3,3,2,3,4,2,0,1
2,5,1,1,3,3,2,4
0,4,3,2,2,2,3,2
3,1,1,3,3,2,1,3
3,1,2,1,2,4,1,1
3,4,2,1,1,1,3,1
2,2,3,3,0,2,1,3
2,1,0,2,1,0,1,2
0,2,5,3,2,0,1,0
1,1,1,0,1,1,0,1
1,2,2,0,1,2,2,2
1,3,2,1,2,1,1,3
4,1,0,0,1,2,2,3
4,4,2,3,2,2,0,0
3,1,2,0,0,0,1,2
1,0,3,3,1,0,1,0
2,0,2,1,0,2,0,2
3,1,0,0,2,2,1,0
0,0,0,2,1,3,1,0
1,2,0,2,3,1,2,0
2,1,2,0,1,1,1,2
1,0,1,2,0,2,1,0
1,1,1,3,3,1,1,0
1,0,2,0,1,3,1,0
0,2,1,0,1,1,2,0
1,1,1,2,0,1,0,1
2,1,0,1,0,1,0,0
0,0,0,2,0,0,0,2
0,0,0,0,2,1,1,1
0,0,1,0,0,0,1,0
1,3,1,1,1,0,1,1
1,1,1,1,0,0,0,0
1,3,1,1,1,1,0,1
1,1,1,1,2,2,2,0
1,1,1,0,2,1,0,0
2,0,0,2,1,1,0,2
4,1,1,1,1,0,1,2
2,0,1,3,2,1,2,1
0,2,2,0,0,1,1,1
0,1,1,0,0,0,0,0
0,0,1,1,0,0,0,0
0,0,0,1,0,0,0,0
1,1,0,0,1,0,0,0
0,1,0,1,0,0,0,1
0,0,0,0,0,0,0,1
0,0,0,0,0,0,0,0
0,0,0,0,1,0,1,0
0,0,1,0,0,0,0,0
0,0,0,0,1,0,0,0
0,0,0,0,0,1,1,1
1,0,0,0,0,0,0,0
0,0,1,0,1,0,0,0
0,0,0,0,0,0,1,0
1,0,1,0,0,0,2,0
0,0,0,1,0,0,0,0
0,0,0,1,0,0,0,0
0,0,0,0,0,0,1,0
0,0,0,0,0,2,0,0
0,1,0,0,0,0,0,0
0,0,0,0,0,0,1,0
0,0,0,1,0,0,1,0
0,0,0,0,0,0,0,0
0,0,1,1,0,0,0,0
0,0,0,0,0,1,0,2
0,0,0,0,0,1,0,1
0,0,0,0,0,0,0,0
0,1,0,0,0,0,0,1
0,0,0,0,0,0,0,0
0,0,0,0,0,0,0,0
0,0,0,1,0,0,1,0
0,1,0,0,1,0,0,0
1,1,0,0,0,0,0,0
0,0,0,0,0,0,1,0
0,0,0,1,0,0,1,0
1,0,0,0,0,0,0,0
0,0,0,0,1,0,0,0
0,0,0,0,0,0,0,0
0,0,0,0,1,0,0,0
0,0,0,0,0,0,0,0
1,0,0,0,0,1,0,0
0,0,0,0,0,0,1,0
0,0,0,0,0,0,0,0
0,0,0,0,0,0,0,0
0,0,0,0,0,0,0,0
0,0,0,0,0,0,0,0
0,0,1,0,1,0,0,0
0,0,0,0,0,0,0,0
0,0,0,0,0,0,0,0
0,0,0,0,0,0,0,0
0,0,0,0,0,0,0,0
