SpectrumName : Messung_3.SPC
XUnit        : 
YUnit        : 
Length       : 1024
SubSpcNum    : 1
StartSubSpc  : 0
StopSubSpc   : 0
Comment      : 
Realtime     : 180.000
Livetime     : 179.620
Deadtime     : 0.380
FastChannel  : 23406
Starttime    : 11.01.2000 00:26:03
Stoptime     : 11.01.2000 00:29:03
CalibCoeff   : a=0.000000000E+000 b=0.000000000E+000 c=0.000000000E+000 d=0.000000000E+000
SpectrumText : 0 
0,0,1,0,0,0,0,0
1,1,8,27,31,40,34,40
35,39,46,45,43,46,47,50
55,47,39,48,51,65,44,60
51,46,55,74,57,51,53,58
46,58,63,64,51,65,60,60
70,69,64,69,88,74,52,80
69,76,63,75,79,78,61,81
75,94,76,76,73,63,73,58
86,83,79,91,78,71,68,71
69,69,86,71,65,68,66,82
77,80,63,71,65,82,80,75
63,66,73,79,65,64,58,80
72,64,71,62,58,66,60,47
57,65,75,64,59,58,68,54
75,70,58,71,52,64,63,58
66,60,64,56,58,67,48,53
58,52,51,52,55,54,66,83
60,64,61,67,68,74,52,53
50,43,65,67,55,52,63,55
55,58,49,61,61,67,63,66
60,73,64,52,59,56,66,54
62,67,52,60,63,64,57,64
65,47,74,58,61,54,53,42
53,43,47,66,47,40,35,39
35,39,43,33,38,33,24,26
38,36,29,30,27,22,28,21
31,25,19,18,21,22,22,25
21,22,25,20,13,18,21,19
14,12,23,25,16,18,13,28
25,13,23,22,23,29,26,30
25,28,16,26,28,25,37,36
23,29,47,54,54,72,74,90
115,145,129,155,187,209,237,267
294,317,366,354,392,408,414,422
411,426,443,402,353,335,356,272
260,236,206,176,146,153,114,85
70,56,60,46,23,24,17,11
10,7,8,5,5,9,4,2
7,1,2,3,1,2,0,6
1,0,2,2,1,4,0,2
1,5,0,5,1,3,2,0
3,0,2,2,3,2,1,0
4,3,3,0,0,2,1,3
5,3,2,3,1,3,1,0
0,0,2,2,1,0,4,2
1,3,2,0,0,0,1,1
2,3,1,0,1,4,0,0
1,1,1,1,2,3,0,3
2,4,0,4,2,2,0,1
2,0,0,4,4,2,0,1
1,2,2,2,3,1,1,2
0,2,1,3,1,0,0,1
0,1,2,1,1,0,0,3
1,1,2,1,1,1,0,0
1,3,2,2,1,1,1,0
0,2,1,2,1,3,0,4
2,1,1,3,3,1,0,0
2,2,2,3,2,1,1,3
2,3,1,2,1,1,0,2
0,0,0,3,1,2,0,2
2,0,0,2,0,1,1,1
0,0,1,1,0,3,1,2
0,1,0,1,2,2,0,0
1,0,0,0,1,0,0,0
1,1,1,1,0,0,0,1
1,1,0,1,0,1,1,1
0,0,0,1,0,2,1,0
0,0,0,0,0,0,0,0
0,1,1,0,0,0,0,0
1,1,0,0,1,1,0,0
2,0,1,0,2,1,0,2
0,0,1,0,0,1,0,1
2,2,2,0,1,2,2,0
2,0,3,0,0,3,2,1
2,0,0,2,1,1,3,2
1,2,1,0,2,0,0,1
1,0,0,0,1,1,0,1
1,1,0,1,1,0,1,2
2,1,0,0,0,0,0,0
1,0,1,2,1,1,1,0
0,0,1,0,0,0,0,1
0,0,1,0,0,0,2,1
0,0,0,0,0,0,0,1
0,0,0,2,0,1,0,1
0,0,0,0,1,0,0,1
0,1,0,0,0,0,0,0
0,0,1,0,0,0,0,0
1,0,0,0,0,1,0,0
2,0,0,0,0,1,0,2
0,0,0,0,1,0,0,1
0,1,2,0,1,0,0,0
1,0,0,1,0,0,0,0
0,0,1,0,3,0,0,0
0,0,0,0,0,0,0,0
0,0,0,0,1,0,0,0
1,0,0,0,1,0,0,0
1,0,0,0,1,0,0,0
0,0,1,0,0,0,0,0
0,0,0,0,0,0,0,2
0,0,0,0,0,0,0,0
0,0,0,0,0,0,0,0
0,0,0,0,0,0,0,0
0,0,0,0,0,0,1,0
0,0,0,0,0,0,1,0
0,0,0,0,1,0,0,1
0,0,0,1,0,0,0,0
0,0,2,0,0,0,0,1
0,0,0,0,0,0,0,0
0,0,0,1,0,0,1,0
0,0,0,0,0,0,0,0
0,0,0,0,0,0,0,0
0,0,1,0,0,0,1,0
0,0,0,0,0,0,0,0
1,0,0,0,0,0,0,0
0,0,0,0,0,0,0,0
0,0,0,1,0,0,0,0
0,0,0,0,0,0,0,0
0,0,0,0,0,0,0,0
0,0,0,0,0,0,0,0
0,0,0,1,0,0,0,1
0,0,0,0,1,0,0,0
0,0,0,0,0,0,0,0
1,0,0,0,0,0,0,0
0,0,0,0,0,0,0,0
0,0,0,0,0,0,0,0
0,0,0,0,0,0,0,0
0,0,0,0,0,0,0,0
