SpectrumName : Messung_12.SPC
XUnit        : 
YUnit        : 
Length       : 1024
SubSpcNum    : 1
StartSubSpc  : 0
StopSubSpc   : 0
Comment      : 
Realtime     : 180.000
Livetime     : 179.460
Deadtime     : 0.540
FastChannel  : 12316
Starttime    : 11.01.2000 01:05:26
Stoptime     : 11.01.2000 01:08:26
CalibCoeff   : a=0.000000000E+000 b=0.000000000E+000 c=0.000000000E+000 d=0.000000000E+000
SpectrumText : 0 
0,0,0,0,0,0,0,0
2,2,6,6,15,13,23,14
26,28,24,24,17,28,21,32
21,18,31,29,29,23,27,34
22,34,31,31,31,42,26,26
41,26,37,40,45,51,43,33
37,49,46,39,48,50,39,47
54,53,52,46,36,52,45,52
53,58,48,55,51,45,60,51
62,42,46,47,47,35,50,40
36,57,55,42,54,46,42,50
53,39,51,56,42,40,47,49
42,41,32,46,40,25,42,48
47,50,48,34,28,43,40,39
45,41,39,32,41,13,28,27
26,32,33,37,27,41,36,35
23,34,31,23,38,41,45,32
30,33,19,36,37,30,31,31
31,31,34,19,32,33,35,34
31,34,29,32,26,31,27,27
25,25,33,29,28,21,38,26
28,31,32,30,27,37,28,26
26,28,22,32,34,37,27,30
23,25,30,35,33,23,32,20
30,27,25,22,23,20,17,17
16,15,13,17,17,20,9,20
12,7,19,14,18,18,10,15
9,13,11,12,11,5,12,9
11,10,11,8,15,12,14,4
9,16,13,18,6,8,13,7
8,9,12,17,13,7,15,16
14,14,16,13,18,17,13,14
17,15,15,20,32,35,36,40
56,74,70,96,104,102,131,100
129,145,143,163,178,190,175,210
187,186,167,184,150,148,128,121
127,90,80,74,69,54,40,40
22,30,21,13,12,12,3,6
6,5,0,3,2,7,2,5
2,1,4,1,4,1,4,0
2,3,2,2,2,1,6,1
1,2,0,2,3,3,1,2
1,4,2,2,2,1,1,6
3,2,3,1,3,1,2,2
3,3,1,2,5,2,0,0
0,3,2,2,0,1,1,1
3,1,2,4,0,0,0,1
1,1,4,3,2,1,2,1
0,1,2,2,2,2,1,1
2,0,1,1,2,1,0,2
1,3,0,1,1,1,4,3
1,2,0,0,0,2,1,2
0,0,0,2,1,2,1,1
1,4,2,0,2,0,1,1
2,0,0,3,1,1,0,3
3,1,2,0,3,0,1,0
1,2,2,1,2,1,0,3
0,2,0,0,1,2,3,0
1,0,0,2,1,1,1,1
0,1,0,0,0,1,1,1
0,3,1,0,2,0,1,1
2,0,2,0,1,1,1,0
1,0,1,0,0,0,0,1
1,1,1,1,0,2,3,0
1,1,0,1,0,0,0,2
1,3,1,1,0,2,0,4
1,0,1,1,0,1,0,2
2,0,0,0,1,0,0,0
0,1,0,0,1,1,1,0
1,1,1,0,0,1,1,1
2,1,0,0,0,0,2,2
1,2,1,0,0,1,0,0
0,1,1,1,0,0,0,0
2,1,1,1,1,2,3,3
0,2,1,0,0,3,1,2
0,0,2,2,0,1,3,3
4,0,1,0,1,1,0,1
0,2,0,1,0,1,1,0
0,0,3,1,0,0,0,0
0,0,0,0,1,0,0,0
0,1,0,1,0,2,1,0
0,1,1,0,1,0,0,1
1,1,1,0,0,0,1,1
0,0,0,2,2,0,0,0
0,0,0,0,0,0,0,0
0,0,0,0,0,0,0,0
0,0,0,1,0,0,0,0
1,0,0,0,0,0,0,0
0,1,0,0,0,1,0,1
0,0,1,1,0,0,0,0
1,0,0,1,0,0,0,2
0,0,1,0,0,0,0,0
0,0,1,0,0,0,1,0
0,0,0,0,0,0,1,0
0,1,0,0,0,0,0,0
1,0,0,0,0,0,0,0
1,0,0,0,0,0,0,0
0,1,0,0,0,0,0,0
1,0,0,0,0,0,0,0
0,0,0,0,0,0,0,0
0,0,0,0,0,0,0,0
0,0,0,0,0,1,0,0
1,0,1,0,0,0,1,0
0,0,0,0,0,1,0,0
0,0,1,0,0,0,0,0
0,0,0,0,0,0,0,0
1,0,0,0,0,0,0,0
0,0,0,0,1,1,0,0
0,0,0,0,0,0,0,0
0,0,0,0,1,0,0,0
0,0,0,0,0,0,0,0
0,0,1,0,0,0,1,1
1,1,0,0,0,0,1,0
0,0,0,0,0,0,0,0
0,0,0,0,0,2,0,0
0,0,0,0,0,0,0,0
0,1,1,0,0,0,0,0
1,0,0,0,0,0,0,0
0,0,0,0,0,0,0,0
0,0,0,0,0,0,0,0
0,0,0,0,0,0,0,0
0,0,0,0,0,0,0,0
0,0,0,0,0,0,1,0
0,0,0,0,0,0,0,0
0,0,0,0,0,0,0,0
0,0,0,0,0,0,0,0
0,0,0,0,0,0,0,0
0,0,0,1,0,1,0,0
