SpectrumName : Messung_10.SPC
XUnit        : 
YUnit        : 
Length       : 1024
SubSpcNum    : 1
StartSubSpc  : 0
StopSubSpc   : 0
Comment      : 
Realtime     : 180.000
Livetime     : 179.450
Deadtime     : 0.550
FastChannel  : 12418
Starttime    : 11.01.2000 00:56:46
Stoptime     : 11.01.2000 00:59:47
CalibCoeff   : a=0.000000000E+000 b=0.000000000E+000 c=0.000000000E+000 d=0.000000000E+000
SpectrumText : 0 
0,0,0,0,0,0,0,0
2,2,6,14,13,23,29,26
18,16,24,21,27,29,16,32
16,19,19,26,28,27,28,30
31,27,37,32,33,30,29,30
40,36,50,49,44,37,46,35
42,50,48,44,41,50,62,52
42,47,53,45,56,56,50,55
40,50,40,50,45,53,63,45
61,50,53,47,43,45,54,65
55,52,40,54,43,41,70,51
48,51,52,31,46,41,45,52
38,49,47,45,43,37,32,45
38,49,41,45,32,45,34,45
42,34,34,33,28,28,38,31
44,41,34,30,32,45,34,32
25,35,40,33,30,30,39,35
26,25,29,31,27,34,24,22
40,39,24,18,35,27,26,33
21,37,31,32,35,36,27,24
40,34,38,36,27,27,28,26
31,33,24,32,34,31,29,29
37,28,42,33,29,30,21,23
39,26,27,23,33,29,25,25
26,22,25,25,24,19,20,22
17,34,18,16,19,17,15,15
11,13,10,15,11,15,12,15
7,11,10,7,15,11,10,17
13,9,9,11,10,15,11,17
13,12,11,9,7,12,8,4
11,13,14,14,10,18,8,11
15,12,16,17,11,10,15,33
17,17,24,26,28,37,43,45
62,53,79,81,94,122,126,122
131,124,160,153,163,177,182,171
169,184,168,179,145,131,150,101
112,113,85,77,59,52,37,29
33,17,19,18,11,7,1,7
6,5,3,4,3,3,1,2
2,2,3,3,4,3,4,2
1,1,1,1,1,4,3,1
1,1,2,3,2,1,2,1
3,0,1,1,2,1,2,0
1,1,5,2,1,3,1,3
2,0,5,3,5,3,1,0
1,4,1,1,2,3,1,2
0,4,3,2,2,2,2,0
0,1,2,2,0,2,0,2
3,0,1,2,2,2,3,2
4,1,1,2,0,4,2,1
3,2,0,0,0,1,2,2
0,1,3,1,0,2,0,2
2,1,2,2,1,0,2,3
1,1,0,1,1,1,0,2
4,0,1,1,1,1,1,1
1,0,0,0,2,1,2,2
1,0,1,2,0,0,2,3
0,1,1,3,4,2,1,3
0,1,0,0,0,0,3,2
1,2,1,2,0,0,4,0
0,0,1,1,0,1,1,3
0,1,1,1,2,0,1,2
0,0,1,2,0,1,0,0
1,0,0,0,2,0,2,2
0,1,0,0,2,1,0,1
1,0,0,0,0,0,1,3
0,1,0,1,0,0,0,1
0,1,0,1,0,1,0,0
0,0,1,0,0,0,0,0
0,1,1,0,0,1,0,0
1,0,1,0,0,0,0,0
4,2,2,0,0,0,1,2
0,1,1,0,0,2,0,0
1,0,2,0,2,0,3,0
2,1,1,1,2,0,1,3
4,2,0,2,3,0,0,2
1,4,2,2,1,1,3,1
1,2,1,0,0,0,0,0
2,0,2,1,1,1,1,0
0,1,0,0,1,0,0,0
1,0,0,0,0,1,1,0
0,0,0,1,0,1,0,0
0,1,0,0,0,2,1,0
0,0,0,1,0,0,1,0
0,0,0,0,0,0,0,0
0,0,1,0,1,0,0,1
0,1,0,0,0,1,0,0
0,0,0,0,0,1,0,0
0,0,1,0,0,0,0,0
0,1,0,1,0,0,1,0
0,1,1,0,1,0,0,0
0,0,0,0,0,0,0,0
0,0,0,0,1,0,0,0
0,0,1,0,0,0,0,0
0,0,0,0,0,0,0,1
0,0,0,0,0,1,0,0
0,0,0,0,0,1,1,0
0,0,1,0,0,0,0,0
1,1,0,0,0,1,0,0
0,0,0,0,0,0,0,0
0,0,0,0,0,0,1,0
0,0,0,0,0,1,0,0
0,0,0,1,0,0,0,0
0,1,1,1,0,1,0,0
2,0,0,0,0,0,1,1
0,0,0,0,1,0,0,0
0,0,0,0,0,0,0,0
1,0,0,0,0,0,1,1
0,0,0,0,0,0,0,0
0,0,0,0,0,0,0,0
0,0,0,0,1,1,1,0
0,0,0,0,0,1,0,0
0,0,1,0,1,0,0,0
0,0,0,0,1,0,0,0
0,0,0,0,0,0,0,0
0,0,0,1,0,0,0,0
0,0,0,0,0,0,0,0
0,1,0,0,0,0,0,0
0,0,0,1,0,1,0,0
0,0,0,0,0,0,1,0
0,0,0,0,0,0,0,0
0,0,0,0,0,0,0,0
0,0,0,0,0,0,0,0
0,0,0,0,0,0,0,0
0,0,0,0,0,0,0,0
0,0,0,0,0,0,0,0
0,0,0,0,0,0,0,0
0,0,0,0,1,0,0,0
