# Converted file from inputfile Messung_4.CHN
# MCA number or Detector number: 1
# Segment number (set to 1 in UMCBI): 1
# ASCII seconds of start time: 13617
# Real Time (s): 180.000
# Live Time (s) : 179.540
# Start Date (DDMMMYY): 11JAN00
# Start time (HHMM): 0031
# Channel offset of data: 0
# Number of channels (length of data): 1024

# Data: 

0 	 0
1 	 0
2 	 0
3 	 0
4 	 0
5 	 0
6 	 0
7 	 0
8 	 1
9 	 4
10 	 5
11 	 11
12 	 18
13 	 20
14 	 19
15 	 26
16 	 18
17 	 26
18 	 20
19 	 19
20 	 30
21 	 24
22 	 25
23 	 26
24 	 30
25 	 22
26 	 24
27 	 20
28 	 29
29 	 30
30 	 25
31 	 22
32 	 27
33 	 32
34 	 40
35 	 35
36 	 34
37 	 32
38 	 37
39 	 34
40 	 40
41 	 34
42 	 32
43 	 38
44 	 41
45 	 44
46 	 39
47 	 47
48 	 53
49 	 40
50 	 53
51 	 45
52 	 46
53 	 33
54 	 51
55 	 44
56 	 39
57 	 35
58 	 50
59 	 44
60 	 54
61 	 47
62 	 50
63 	 39
64 	 46
65 	 46
66 	 39
67 	 56
68 	 52
69 	 57
70 	 54
71 	 47
72 	 46
73 	 50
74 	 45
75 	 58
76 	 44
77 	 50
78 	 57
79 	 52
80 	 43
81 	 66
82 	 52
83 	 55
84 	 51
85 	 46
86 	 60
87 	 41
88 	 57
89 	 39
90 	 42
91 	 50
92 	 40
93 	 57
94 	 49
95 	 47
96 	 39
97 	 46
98 	 40
99 	 48
100 	 42
101 	 47
102 	 52
103 	 35
104 	 48
105 	 38
106 	 50
107 	 34
108 	 40
109 	 38
110 	 33
111 	 35
112 	 46
113 	 44
114 	 30
115 	 33
116 	 27
117 	 30
118 	 34
119 	 32
120 	 37
121 	 46
122 	 29
123 	 36
124 	 40
125 	 37
126 	 38
127 	 34
128 	 27
129 	 35
130 	 39
131 	 41
132 	 27
133 	 38
134 	 37
135 	 34
136 	 25
137 	 31
138 	 24
139 	 54
140 	 33
141 	 41
142 	 26
143 	 35
144 	 19
145 	 25
146 	 29
147 	 26
148 	 30
149 	 36
150 	 30
151 	 26
152 	 39
153 	 36
154 	 38
155 	 25
156 	 24
157 	 30
158 	 31
159 	 28
160 	 31
161 	 27
162 	 25
163 	 28
164 	 23
165 	 30
166 	 29
167 	 27
168 	 16
169 	 25
170 	 35
171 	 32
172 	 21
173 	 27
174 	 30
175 	 24
176 	 38
177 	 26
178 	 32
179 	 30
180 	 37
181 	 34
182 	 39
183 	 23
184 	 35
185 	 32
186 	 27
187 	 24
188 	 28
189 	 30
190 	 23
191 	 31
192 	 29
193 	 20
194 	 17
195 	 29
196 	 31
197 	 30
198 	 20
199 	 18
200 	 30
201 	 13
202 	 21
203 	 14
204 	 19
205 	 19
206 	 17
207 	 14
208 	 12
209 	 13
210 	 9
211 	 14
212 	 14
213 	 11
214 	 13
215 	 9
216 	 14
217 	 9
218 	 14
219 	 12
220 	 8
221 	 5
222 	 12
223 	 14
224 	 14
225 	 11
226 	 15
227 	 7
228 	 9
229 	 14
230 	 12
231 	 9
232 	 8
233 	 15
234 	 8
235 	 13
236 	 11
237 	 9
238 	 9
239 	 12
240 	 8
241 	 9
242 	 8
243 	 8
244 	 18
245 	 13
246 	 17
247 	 12
248 	 8
249 	 15
250 	 15
251 	 13
252 	 16
253 	 20
254 	 14
255 	 18
256 	 19
257 	 15
258 	 26
259 	 29
260 	 20
261 	 25
262 	 44
263 	 35
264 	 60
265 	 71
266 	 62
267 	 87
268 	 93
269 	 80
270 	 108
271 	 132
272 	 128
273 	 153
274 	 165
275 	 172
276 	 145
277 	 156
278 	 164
279 	 184
280 	 182
281 	 161
282 	 161
283 	 192
284 	 137
285 	 141
286 	 147
287 	 104
288 	 98
289 	 100
290 	 85
291 	 72
292 	 74
293 	 45
294 	 41
295 	 23
296 	 35
297 	 26
298 	 14
299 	 15
300 	 18
301 	 5
302 	 6
303 	 6
304 	 3
305 	 6
306 	 5
307 	 5
308 	 4
309 	 3
310 	 3
311 	 0
312 	 3
313 	 2
314 	 1
315 	 3
316 	 5
317 	 2
318 	 2
319 	 2
320 	 1
321 	 2
322 	 4
323 	 1
324 	 2
325 	 2
326 	 4
327 	 1
328 	 0
329 	 2
330 	 3
331 	 3
332 	 0
333 	 3
334 	 3
335 	 1
336 	 2
337 	 3
338 	 0
339 	 1
340 	 1
341 	 1
342 	 1
343 	 0
344 	 2
345 	 3
346 	 3
347 	 1
348 	 3
349 	 2
350 	 1
351 	 1
352 	 3
353 	 3
354 	 4
355 	 4
356 	 2
357 	 4
358 	 1
359 	 1
360 	 1
361 	 1
362 	 2
363 	 0
364 	 0
365 	 0
366 	 2
367 	 0
368 	 2
369 	 0
370 	 0
371 	 2
372 	 2
373 	 6
374 	 4
375 	 3
376 	 2
377 	 2
378 	 0
379 	 0
380 	 3
381 	 2
382 	 2
383 	 1
384 	 3
385 	 1
386 	 0
387 	 1
388 	 0
389 	 1
390 	 1
391 	 3
392 	 2
393 	 0
394 	 3
395 	 5
396 	 2
397 	 2
398 	 1
399 	 0
400 	 1
401 	 1
402 	 2
403 	 4
404 	 1
405 	 2
406 	 0
407 	 2
408 	 1
409 	 0
410 	 3
411 	 1
412 	 3
413 	 1
414 	 0
415 	 1
416 	 0
417 	 2
418 	 1
419 	 1
420 	 2
421 	 2
422 	 2
423 	 0
424 	 1
425 	 0
426 	 2
427 	 1
428 	 1
429 	 1
430 	 1
431 	 2
432 	 1
433 	 5
434 	 1
435 	 1
436 	 4
437 	 0
438 	 1
439 	 1
440 	 0
441 	 1
442 	 2
443 	 0
444 	 1
445 	 0
446 	 0
447 	 1
448 	 1
449 	 1
450 	 0
451 	 1
452 	 2
453 	 2
454 	 1
455 	 2
456 	 0
457 	 2
458 	 2
459 	 1
460 	 1
461 	 2
462 	 4
463 	 0
464 	 0
465 	 0
466 	 3
467 	 0
468 	 1
469 	 0
470 	 2
471 	 1
472 	 1
473 	 2
474 	 0
475 	 2
476 	 1
477 	 2
478 	 2
479 	 1
480 	 3
481 	 1
482 	 1
483 	 0
484 	 0
485 	 0
486 	 1
487 	 1
488 	 1
489 	 1
490 	 1
491 	 0
492 	 2
493 	 1
494 	 1
495 	 0
496 	 1
497 	 0
498 	 1
499 	 0
500 	 0
501 	 1
502 	 1
503 	 0
504 	 1
505 	 2
506 	 1
507 	 0
508 	 2
509 	 1
510 	 0
511 	 1
512 	 0
513 	 0
514 	 0
515 	 1
516 	 0
517 	 1
518 	 0
519 	 2
520 	 0
521 	 0
522 	 0
523 	 2
524 	 0
525 	 0
526 	 0
527 	 1
528 	 1
529 	 1
530 	 1
531 	 2
532 	 1
533 	 0
534 	 0
535 	 0
536 	 0
537 	 0
538 	 0
539 	 1
540 	 0
541 	 0
542 	 1
543 	 0
544 	 3
545 	 0
546 	 0
547 	 0
548 	 0
549 	 0
550 	 0
551 	 1
552 	 1
553 	 0
554 	 2
555 	 1
556 	 0
557 	 0
558 	 1
559 	 0
560 	 0
561 	 0
562 	 0
563 	 0
564 	 1
565 	 0
566 	 0
567 	 0
568 	 2
569 	 1
570 	 0
571 	 0
572 	 2
573 	 0
574 	 2
575 	 0
576 	 0
577 	 1
578 	 1
579 	 2
580 	 0
581 	 1
582 	 0
583 	 2
584 	 0
585 	 0
586 	 1
587 	 1
588 	 1
589 	 2
590 	 2
591 	 0
592 	 1
593 	 4
594 	 3
595 	 4
596 	 2
597 	 2
598 	 2
599 	 6
600 	 1
601 	 0
602 	 0
603 	 0
604 	 0
605 	 1
606 	 2
607 	 2
608 	 1
609 	 1
610 	 0
611 	 0
612 	 1
613 	 3
614 	 1
615 	 0
616 	 0
617 	 0
618 	 1
619 	 1
620 	 0
621 	 1
622 	 0
623 	 0
624 	 0
625 	 2
626 	 1
627 	 0
628 	 0
629 	 1
630 	 0
631 	 2
632 	 0
633 	 1
634 	 0
635 	 1
636 	 1
637 	 0
638 	 1
639 	 0
640 	 0
641 	 0
642 	 0
643 	 0
644 	 0
645 	 1
646 	 0
647 	 0
648 	 0
649 	 0
650 	 0
651 	 0
652 	 0
653 	 0
654 	 0
655 	 1
656 	 0
657 	 0
658 	 0
659 	 0
660 	 0
661 	 0
662 	 0
663 	 0
664 	 0
665 	 0
666 	 0
667 	 0
668 	 0
669 	 0
670 	 0
671 	 0
672 	 0
673 	 0
674 	 0
675 	 0
676 	 0
677 	 0
678 	 0
679 	 1
680 	 1
681 	 1
682 	 1
683 	 0
684 	 0
685 	 0
686 	 0
687 	 0
688 	 1
689 	 0
690 	 0
691 	 0
692 	 0
693 	 0
694 	 1
695 	 0
696 	 0
697 	 0
698 	 0
699 	 0
700 	 0
701 	 1
702 	 0
703 	 0
704 	 0
705 	 1
706 	 2
707 	 0
708 	 0
709 	 1
710 	 0
711 	 1
712 	 0
713 	 1
714 	 1
715 	 0
716 	 0
717 	 1
718 	 1
719 	 0
720 	 2
721 	 0
722 	 0
723 	 0
724 	 1
725 	 0
726 	 0
727 	 1
728 	 0
729 	 1
730 	 0
731 	 1
732 	 1
733 	 0
734 	 0
735 	 0
736 	 0
737 	 0
738 	 0
739 	 0
740 	 0
741 	 0
742 	 0
743 	 0
744 	 0
745 	 1
746 	 0
747 	 0
748 	 0
749 	 0
750 	 0
751 	 0
752 	 0
753 	 0
754 	 0
755 	 0
756 	 1
757 	 0
758 	 0
759 	 1
760 	 0
761 	 1
762 	 0
763 	 0
764 	 0
765 	 0
766 	 0
767 	 1
768 	 0
769 	 0
770 	 0
771 	 0
772 	 0
773 	 0
774 	 0
775 	 0
776 	 0
777 	 1
778 	 0
779 	 0
780 	 0
781 	 0
782 	 0
783 	 0
784 	 0
785 	 0
786 	 0
787 	 0
788 	 0
789 	 0
790 	 0
791 	 0
792 	 1
793 	 0
794 	 0
795 	 0
796 	 0
797 	 1
798 	 0
799 	 0
800 	 0
801 	 1
802 	 0
803 	 0
804 	 1
805 	 0
806 	 0
807 	 0
808 	 0
809 	 0
810 	 0
811 	 0
812 	 0
813 	 1
814 	 0
815 	 0
816 	 1
817 	 0
818 	 0
819 	 0
820 	 0
821 	 0
822 	 0
823 	 0
824 	 1
825 	 0
826 	 0
827 	 0
828 	 0
829 	 0
830 	 0
831 	 0
832 	 0
833 	 0
834 	 0
835 	 0
836 	 0
837 	 0
838 	 0
839 	 0
840 	 0
841 	 0
842 	 1
843 	 0
844 	 1
845 	 0
846 	 0
847 	 1
848 	 0
849 	 0
850 	 0
851 	 0
852 	 1
853 	 0
854 	 0
855 	 2
856 	 0
857 	 0
858 	 0
859 	 0
860 	 0
861 	 0
862 	 0
863 	 0
864 	 0
865 	 0
866 	 0
867 	 0
868 	 0
869 	 0
870 	 0
871 	 0
872 	 0
873 	 0
874 	 0
875 	 0
876 	 0
877 	 1
878 	 0
879 	 0
880 	 0
881 	 0
882 	 0
883 	 0
884 	 1
885 	 0
886 	 0
887 	 0
888 	 0
889 	 0
890 	 1
891 	 0
892 	 1
893 	 0
894 	 0
895 	 0
896 	 0
897 	 1
898 	 0
899 	 0
900 	 0
901 	 0
902 	 1
903 	 0
904 	 0
905 	 0
906 	 0
907 	 0
908 	 0
909 	 0
910 	 0
911 	 1
912 	 0
913 	 0
914 	 0
915 	 0
916 	 0
917 	 2
918 	 0
919 	 0
920 	 0
921 	 0
922 	 0
923 	 0
924 	 0
925 	 0
926 	 0
927 	 0
928 	 0
929 	 0
930 	 0
931 	 0
932 	 0
933 	 0
934 	 0
935 	 1
936 	 0
937 	 0
938 	 0
939 	 0
940 	 0
941 	 0
942 	 0
943 	 0
944 	 2
945 	 0
946 	 0
947 	 0
948 	 0
949 	 0
950 	 0
951 	 1
952 	 0
953 	 0
954 	 0
955 	 0
956 	 0
957 	 0
958 	 0
959 	 0
960 	 0
961 	 0
962 	 0
963 	 0
964 	 0
965 	 0
966 	 0
967 	 0
968 	 0
969 	 1
970 	 0
971 	 0
972 	 0
973 	 0
974 	 0
975 	 0
976 	 0
977 	 0
978 	 0
979 	 0
980 	 0
981 	 0
982 	 0
983 	 0
984 	 0
985 	 0
986 	 0
987 	 0
988 	 0
989 	 0
990 	 0
991 	 0
992 	 0
993 	 0
994 	 0
995 	 0
996 	 0
997 	 0
998 	 0
999 	 0
1000 	 0
1001 	 0
1002 	 0
1003 	 0
1004 	 0
1005 	 0
1006 	 0
1007 	 0
1008 	 1
1009 	 0
1010 	 0
1011 	 0
1012 	 0
1013 	 0
1014 	 1
1015 	 0
1016 	 0
1017 	 0
1018 	 0
1019 	 0
1020 	 0
1021 	 0
1022 	 1
1023 	 0


# Energy calibration zero intercept, 0.0 for uncalibrated spectrum: 0.00000
# Energy calibration slope, 1.0 for uncalibrated spectrum: 0.00000
# Energy calibration quadratic term, 0.0 for uncalibrated spectrum: 0.00000
# Peak shape calibration zero intercept, 1.0 for uncalibrated spectrum: 1.00000
# Peak shape calibration slope, 0.0 for uncalibrated spectrum: 0.00000
# Peak shape calibration quadratic term, 0.0 for uncalibrated spectrum: 0.00000
# Detector description: 
# Sample description: 
