SpectrumName : Messung_5.SPC
XUnit        : 
YUnit        : 
Length       : 1024
SubSpcNum    : 1
StartSubSpc  : 0
StopSubSpc   : 0
Comment      : 
Realtime     : 180.000
Livetime     : 179.220
Deadtime     : 0.780
FastChannel  : 11882
Starttime    : 11.01.2000 00:35:37
Stoptime     : 11.01.2000 00:38:38
CalibCoeff   : a=0.000000000E+000 b=0.000000000E+000 c=0.000000000E+000 d=0.000000000E+000
SpectrumText : 0 
0,0,0,0,0,0,0,0
0,4,10,15,13,22,19,20
16,17,20,24,19,27,30,16
29,31,29,21,24,20,26,30
34,26,16,28,22,30,19,35
36,32,35,34,42,41,30,43
37,39,53,48,57,44,52,56
45,41,44,52,47,60,56,45
36,46,49,51,40,39,53,47
40,47,51,47,47,67,43,53
51,37,44,59,42,52,37,44
34,41,38,40,43,44,32,45
40,38,29,29,50,44,52,38
35,31,51,35,45,37,25,36
38,36,33,32,41,41,31,38
23,30,30,35,25,32,39,30
36,34,29,32,28,34,26,30
40,28,29,38,32,27,24,29
26,38,39,25,34,28,31,27
21,20,22,39,24,44,28,27
23,33,30,30,20,37,25,26
30,23,22,26,33,33,26,27
32,20,25,37,31,27,20,23
30,31,36,23,26,39,23,23
30,25,26,28,18,26,18,22
24,19,19,11,23,12,8,11
17,12,8,15,12,8,7,8
17,13,11,13,10,13,12,10
11,12,12,6,8,12,12,10
10,11,11,6,6,8,11,15
11,8,9,12,11,9,15,13
13,12,8,17,14,8,13,16
12,19,24,27,34,41,36,59
62,59,54,75,100,105,103,135
127,129,151,172,181,180,167,156
170,147,160,141,142,153,125,133
132,99,97,68,59,54,50,30
25,18,18,17,8,8,7,6
3,2,7,3,4,3,5,0
0,1,3,1,4,2,5,2
4,0,2,1,2,3,3,1
1,2,1,1,1,1,2,4
1,1,0,3,2,1,1,0
5,3,1,3,4,1,1,2
2,0,2,1,0,0,0,0
2,5,2,3,2,0,2,2
1,1,1,4,2,0,1,5
1,0,1,3,2,3,2,0
1,3,2,5,1,4,2,0
0,1,0,1,0,2,0,1
2,3,3,1,0,3,1,2
0,3,1,2,0,2,2,2
0,2,1,3,0,1,1,2
1,1,1,0,1,0,4,1
0,1,0,2,1,3,1,2
0,0,2,0,1,1,1,1
1,2,3,0,2,2,3,0
1,2,2,2,0,0,1,0
2,0,3,5,1,0,3,3
0,1,0,0,1,3,1,1
2,1,2,1,2,1,0,3
0,1,1,0,3,1,0,2
1,0,0,2,0,1,0,1
0,1,2,0,3,1,2,3
0,0,1,2,0,1,0,0
0,0,1,1,1,0,0,0
0,0,1,1,0,0,1,1
1,0,0,1,1,0,1,1
3,1,2,0,0,0,2,1
0,0,2,0,0,0,1,0
1,0,0,0,0,0,0,0
0,0,2,0,0,0,0,0
1,2,2,0,2,1,0,1
1,3,1,2,0,0,2,1
0,0,3,0,1,0,2,2
1,0,3,1,2,0,1,0
0,1,0,0,0,1,0,1
0,1,0,1,0,0,1,2
0,0,0,0,1,0,2,0
0,0,0,1,2,0,1,0
0,0,0,0,0,0,0,0
0,0,0,0,0,0,0,1
0,0,0,0,1,1,0,0
0,0,0,0,2,0,0,0
0,0,1,0,0,0,0,0
0,0,0,0,0,0,0,1
0,0,0,0,0,0,1,0
0,0,0,1,0,0,0,0
1,0,0,0,0,0,0,0
1,0,0,0,0,0,0,0
0,1,1,0,1,0,1,0
1,0,0,0,1,0,1,1
0,0,0,0,1,0,0,0
0,0,0,0,0,1,0,0
1,0,0,1,0,0,1,0
0,0,0,0,0,0,1,0
0,0,0,1,0,1,0,1
0,0,0,0,1,1,1,0
0,0,0,0,0,1,0,0
0,0,0,0,0,1,0,0
0,0,0,0,0,1,1,0
0,0,0,0,0,1,0,0
0,1,1,0,0,0,0,0
0,0,0,0,0,0,1,0
0,0,1,0,0,0,0,0
0,0,0,0,0,1,0,0
0,0,0,0,0,0,0,0
0,0,0,0,1,0,0,0
1,0,0,0,0,0,0,0
0,0,1,0,0,0,1,0
0,0,0,0,0,0,0,0
0,0,0,1,0,0,2,0
0,0,0,0,0,0,0,0
0,0,0,1,0,1,0,1
0,0,0,0,0,0,0,0
0,0,0,0,0,0,0,0
0,1,0,0,0,0,0,0
0,0,0,0,0,0,0,0
0,0,0,0,1,0,0,1
0,0,0,0,0,0,1,0
0,0,0,0,0,0,1,0
0,0,0,0,0,0,0,0
0,1,0,0,0,0,0,0
0,0,0,0,0,0,0,0
0,0,1,0,0,0,0,1
0,0,0,0,0,0,0,1
0,0,0,0,0,0,0,0
0,0,0,0,0,0,0,0
