SpectrumName : Messung_7.SPC
XUnit        : 
YUnit        : 
Length       : 1024
SubSpcNum    : 1
StartSubSpc  : 0
StopSubSpc   : 0
Comment      : 
Realtime     : 180.000
Livetime     : 179.610
Deadtime     : 0.390
FastChannel  : 23772
Starttime    : 11.01.2000 00:44:33
Stoptime     : 11.01.2000 00:47:33
CalibCoeff   : a=0.000000000E+000 b=0.000000000E+000 c=0.000000000E+000 d=0.000000000E+000
SpectrumText : 0 
0,0,0,0,0,0,0,0
0,4,15,20,31,33,35,37
52,33,39,41,59,47,29,38
41,41,52,40,39,43,48,57
53,49,58,49,47,50,61,64
55,56,68,70,60,64,54,59
64,85,69,64,75,79,71,71
68,97,80,71,86,70,90,56
81,88,82,98,78,80,73,86
86,65,79,76,80,85,73,90
85,80,91,75,71,69,76,80
71,74,70,84,86,68,62,63
86,74,74,54,78,75,90,73
74,58,60,59,72,73,77,69
59,76,57,66,62,70,65,73
60,48,60,48,60,74,79,47
52,61,64,71,56,64,64,55
75,56,56,62,54,57,50,71
45,53,50,53,71,59,51,50
64,64,51,61,52,60,74,61
61,66,62,66,51,56,63,60
58,70,63,49,61,61,56,71
61,68,46,58,53,64,72,68
57,59,52,48,46,62,51,51
45,51,64,61,51,42,52,37
37,41,53,39,40,35,26,26
34,29,32,23,30,31,30,25
28,29,31,18,31,26,20,16
15,28,14,20,18,22,21,16
13,16,19,15,27,24,22,25
23,22,25,25,21,19,25,25
24,30,25,31,25,25,21,29
44,49,56,69,65,77,90,111
109,127,137,170,210,201,238,306
296,326,337,361,411,404,397,409
419,396,412,404,364,358,329,281
272,241,208,182,164,133,111,112
83,47,42,47,29,19,22,17
17,3,8,6,2,3,0,2
3,0,1,2,2,3,0,3
6,2,3,2,3,1,2,0
7,2,0,4,3,1,2,0
3,3,1,3,1,2,2,3
0,6,1,2,1,1,4,3
1,4,2,0,2,0,1,0
4,1,1,3,0,1,1,0
1,0,1,1,1,1,1,1
2,2,1,1,0,2,1,0
2,2,0,2,0,2,1,3
1,1,3,2,1,2,2,1
2,4,1,1,1,0,0,3
0,0,0,0,4,1,2,2
2,3,0,3,0,1,1,0
1,1,2,4,0,1,0,0
2,2,0,1,1,1,2,0
0,3,1,2,3,1,3,1
0,1,2,1,1,0,0,1
0,2,0,1,1,1,1,3
5,1,0,2,0,1,2,3
0,1,2,3,0,1,1,1
1,1,1,0,1,2,1,0
2,0,1,1,4,3,2,4
0,0,0,4,2,2,0,3
0,1,0,1,0,1,1,0
0,1,1,0,0,0,2,0
3,1,2,1,0,0,0,1
1,1,0,2,0,0,0,0
1,2,1,0,0,1,0,2
0,1,1,1,1,0,1,0
1,1,1,1,0,0,1,1
0,0,0,1,0,1,2,1
0,2,1,0,0,0,0,0
1,0,1,2,0,0,1,2
1,0,1,0,2,0,1,3
3,3,1,0,3,0,2,2
2,2,1,0,3,1,0,0
1,1,2,1,1,2,0,3
2,0,0,1,1,3,1,2
0,0,0,0,2,0,1,0
1,1,0,1,0,0,0,0
0,0,0,1,0,0,0,0
0,2,0,0,0,0,0,0
0,0,1,0,0,0,1,0
0,0,0,0,0,0,0,0
1,1,0,0,1,0,0,0
0,0,0,0,0,0,0,0
0,0,0,0,0,0,0,0
0,0,0,0,0,0,0,0
0,0,0,0,1,0,0,0
0,0,0,0,0,0,1,1
0,0,1,1,0,0,1,0
0,1,0,0,0,0,0,0
0,0,1,0,0,0,0,0
0,0,0,1,0,0,0,1
0,0,0,0,0,0,1,0
1,0,0,0,0,0,0,0
0,0,0,1,0,0,0,0
0,0,0,2,0,0,1,0
0,0,0,0,0,0,0,0
2,0,1,0,0,0,1,0
0,0,0,0,1,0,0,1
0,0,0,0,0,0,0,0
1,1,0,0,0,0,1,0
1,0,0,0,0,0,0,0
0,1,0,0,0,0,0,0
0,0,0,0,0,0,0,0
0,0,1,0,0,0,0,0
0,0,0,0,0,0,0,0
0,0,0,1,0,0,0,0
0,1,0,0,0,0,0,0
0,1,0,0,0,0,1,0
0,0,0,0,0,0,0,0
0,0,0,0,0,0,0,0
0,0,1,0,0,0,0,0
0,0,0,0,1,0,0,1
0,0,0,0,0,0,0,0
0,0,0,0,0,0,0,0
0,0,0,0,1,0,0,0
0,0,0,0,0,0,0,0
0,0,0,0,0,0,0,0
0,0,0,0,0,0,0,0
0,0,0,0,0,0,0,0
0,1,1,0,0,0,0,0
0,0,0,0,0,0,0,0
0,0,0,0,0,0,0,0
0,0,0,0,0,0,0,0
0,0,0,0,0,1,0,0
0,0,0,0,0,1,1,0
