# Converted file from inputfile Messung_1.CHN
# MCA number or Detector number: 1
# Segment number (set to 1 in UMCBI): 1
# ASCII seconds of start time: 13109
# Real Time (s): 180.000
# Live Time (s) : 179.460
# Start Date (DDMMMYY): 11JAN00
# Start time (HHMM): 0021
# Channel offset of data: 0
# Number of channels (length of data): 1024

# Data: 

0 	 0
1 	 0
2 	 0
3 	 0
4 	 0
5 	 0
6 	 0
7 	 0
8 	 0
9 	 0
10 	 5
11 	 10
12 	 14
13 	 13
14 	 10
15 	 24
16 	 18
17 	 20
18 	 22
19 	 18
20 	 29
21 	 27
22 	 30
23 	 24
24 	 18
25 	 22
26 	 24
27 	 30
28 	 24
29 	 17
30 	 21
31 	 29
32 	 28
33 	 19
34 	 23
35 	 35
36 	 29
37 	 34
38 	 26
39 	 32
40 	 35
41 	 32
42 	 29
43 	 40
44 	 45
45 	 36
46 	 27
47 	 44
48 	 32
49 	 33
50 	 47
51 	 42
52 	 41
53 	 37
54 	 39
55 	 39
56 	 40
57 	 43
58 	 40
59 	 40
60 	 44
61 	 28
62 	 50
63 	 44
64 	 50
65 	 40
66 	 39
67 	 51
68 	 47
69 	 40
70 	 44
71 	 54
72 	 53
73 	 47
74 	 39
75 	 52
76 	 47
77 	 49
78 	 51
79 	 41
80 	 42
81 	 39
82 	 47
83 	 36
84 	 42
85 	 39
86 	 38
87 	 38
88 	 43
89 	 31
90 	 42
91 	 32
92 	 35
93 	 43
94 	 31
95 	 36
96 	 43
97 	 40
98 	 37
99 	 35
100 	 46
101 	 41
102 	 41
103 	 34
104 	 49
105 	 37
106 	 29
107 	 19
108 	 30
109 	 37
110 	 29
111 	 39
112 	 38
113 	 39
114 	 33
115 	 30
116 	 29
117 	 23
118 	 24
119 	 32
120 	 33
121 	 20
122 	 37
123 	 28
124 	 36
125 	 31
126 	 33
127 	 37
128 	 32
129 	 32
130 	 21
131 	 30
132 	 37
133 	 39
134 	 24
135 	 25
136 	 25
137 	 27
138 	 22
139 	 29
140 	 29
141 	 25
142 	 27
143 	 27
144 	 29
145 	 29
146 	 23
147 	 33
148 	 20
149 	 25
150 	 30
151 	 28
152 	 26
153 	 23
154 	 26
155 	 22
156 	 33
157 	 27
158 	 14
159 	 24
160 	 31
161 	 23
162 	 26
163 	 29
164 	 27
165 	 29
166 	 25
167 	 14
168 	 25
169 	 20
170 	 21
171 	 21
172 	 28
173 	 25
174 	 29
175 	 25
176 	 27
177 	 30
178 	 23
179 	 24
180 	 30
181 	 22
182 	 23
183 	 23
184 	 30
185 	 31
186 	 23
187 	 29
188 	 26
189 	 18
190 	 19
191 	 24
192 	 17
193 	 25
194 	 19
195 	 16
196 	 16
197 	 18
198 	 19
199 	 14
200 	 11
201 	 21
202 	 15
203 	 11
204 	 14
205 	 13
206 	 10
207 	 12
208 	 12
209 	 9
210 	 10
211 	 19
212 	 7
213 	 9
214 	 8
215 	 9
216 	 9
217 	 15
218 	 9
219 	 15
220 	 11
221 	 6
222 	 9
223 	 12
224 	 7
225 	 14
226 	 11
227 	 9
228 	 6
229 	 13
230 	 9
231 	 11
232 	 5
233 	 9
234 	 12
235 	 12
236 	 11
237 	 8
238 	 10
239 	 5
240 	 10
241 	 7
242 	 10
243 	 8
244 	 9
245 	 9
246 	 10
247 	 10
248 	 14
249 	 12
250 	 12
251 	 13
252 	 10
253 	 14
254 	 13
255 	 25
256 	 14
257 	 8
258 	 23
259 	 17
260 	 21
261 	 40
262 	 30
263 	 39
264 	 42
265 	 50
266 	 56
267 	 74
268 	 85
269 	 86
270 	 101
271 	 96
272 	 94
273 	 124
274 	 139
275 	 133
276 	 146
277 	 155
278 	 141
279 	 136
280 	 147
281 	 148
282 	 109
283 	 137
284 	 120
285 	 103
286 	 115
287 	 79
288 	 98
289 	 90
290 	 75
291 	 63
292 	 42
293 	 40
294 	 25
295 	 27
296 	 17
297 	 15
298 	 22
299 	 15
300 	 14
301 	 8
302 	 5
303 	 0
304 	 3
305 	 3
306 	 7
307 	 4
308 	 1
309 	 3
310 	 2
311 	 3
312 	 3
313 	 1
314 	 1
315 	 2
316 	 3
317 	 2
318 	 0
319 	 3
320 	 0
321 	 4
322 	 2
323 	 2
324 	 0
325 	 3
326 	 1
327 	 1
328 	 0
329 	 2
330 	 1
331 	 0
332 	 4
333 	 1
334 	 3
335 	 1
336 	 1
337 	 2
338 	 3
339 	 2
340 	 0
341 	 0
342 	 0
343 	 1
344 	 1
345 	 1
346 	 1
347 	 1
348 	 3
349 	 1
350 	 2
351 	 3
352 	 0
353 	 1
354 	 3
355 	 1
356 	 1
357 	 2
358 	 1
359 	 2
360 	 0
361 	 2
362 	 2
363 	 0
364 	 2
365 	 4
366 	 1
367 	 1
368 	 2
369 	 4
370 	 4
371 	 5
372 	 0
373 	 1
374 	 1
375 	 1
376 	 2
377 	 2
378 	 2
379 	 0
380 	 1
381 	 3
382 	 2
383 	 1
384 	 0
385 	 2
386 	 3
387 	 2
388 	 1
389 	 3
390 	 1
391 	 0
392 	 0
393 	 2
394 	 1
395 	 4
396 	 1
397 	 3
398 	 3
399 	 2
400 	 1
401 	 1
402 	 1
403 	 0
404 	 1
405 	 2
406 	 3
407 	 0
408 	 0
409 	 3
410 	 2
411 	 0
412 	 2
413 	 4
414 	 0
415 	 1
416 	 4
417 	 1
418 	 2
419 	 2
420 	 0
421 	 1
422 	 1
423 	 2
424 	 0
425 	 2
426 	 1
427 	 1
428 	 3
429 	 2
430 	 3
431 	 0
432 	 0
433 	 2
434 	 2
435 	 1
436 	 0
437 	 4
438 	 0
439 	 1
440 	 1
441 	 0
442 	 1
443 	 0
444 	 2
445 	 1
446 	 1
447 	 3
448 	 2
449 	 0
450 	 0
451 	 0
452 	 3
453 	 2
454 	 1
455 	 0
456 	 0
457 	 2
458 	 0
459 	 2
460 	 3
461 	 1
462 	 1
463 	 0
464 	 1
465 	 0
466 	 1
467 	 2
468 	 2
469 	 0
470 	 0
471 	 3
472 	 2
473 	 1
474 	 0
475 	 1
476 	 0
477 	 0
478 	 2
479 	 1
480 	 0
481 	 1
482 	 0
483 	 0
484 	 2
485 	 0
486 	 0
487 	 1
488 	 2
489 	 2
490 	 2
491 	 1
492 	 0
493 	 0
494 	 1
495 	 2
496 	 1
497 	 0
498 	 2
499 	 2
500 	 1
501 	 1
502 	 2
503 	 0
504 	 1
505 	 3
506 	 1
507 	 0
508 	 2
509 	 1
510 	 1
511 	 2
512 	 0
513 	 0
514 	 1
515 	 0
516 	 1
517 	 0
518 	 0
519 	 1
520 	 2
521 	 0
522 	 0
523 	 0
524 	 1
525 	 1
526 	 1
527 	 1
528 	 0
529 	 0
530 	 1
531 	 1
532 	 0
533 	 0
534 	 0
535 	 0
536 	 2
537 	 1
538 	 0
539 	 1
540 	 0
541 	 0
542 	 0
543 	 0
544 	 0
545 	 2
546 	 0
547 	 1
548 	 2
549 	 0
550 	 0
551 	 1
552 	 0
553 	 0
554 	 0
555 	 0
556 	 0
557 	 0
558 	 0
559 	 0
560 	 0
561 	 1
562 	 0
563 	 0
564 	 0
565 	 0
566 	 0
567 	 1
568 	 0
569 	 0
570 	 1
571 	 0
572 	 1
573 	 1
574 	 4
575 	 3
576 	 1
577 	 1
578 	 1
579 	 1
580 	 0
581 	 2
582 	 1
583 	 2
584 	 0
585 	 2
586 	 0
587 	 3
588 	 1
589 	 1
590 	 1
591 	 1
592 	 1
593 	 1
594 	 1
595 	 1
596 	 1
597 	 1
598 	 0
599 	 0
600 	 3
601 	 2
602 	 0
603 	 0
604 	 0
605 	 2
606 	 1
607 	 0
608 	 1
609 	 1
610 	 1
611 	 1
612 	 1
613 	 1
614 	 2
615 	 0
616 	 1
617 	 0
618 	 1
619 	 2
620 	 0
621 	 0
622 	 1
623 	 0
624 	 1
625 	 0
626 	 1
627 	 0
628 	 0
629 	 0
630 	 0
631 	 0
632 	 1
633 	 0
634 	 0
635 	 0
636 	 0
637 	 0
638 	 1
639 	 0
640 	 0
641 	 1
642 	 1
643 	 0
644 	 0
645 	 0
646 	 0
647 	 0
648 	 0
649 	 0
650 	 1
651 	 0
652 	 1
653 	 0
654 	 0
655 	 0
656 	 0
657 	 0
658 	 0
659 	 0
660 	 0
661 	 1
662 	 1
663 	 0
664 	 0
665 	 2
666 	 0
667 	 0
668 	 0
669 	 0
670 	 0
671 	 0
672 	 0
673 	 0
674 	 0
675 	 1
676 	 0
677 	 0
678 	 0
679 	 1
680 	 0
681 	 0
682 	 0
683 	 0
684 	 0
685 	 0
686 	 0
687 	 0
688 	 0
689 	 0
690 	 0
691 	 0
692 	 0
693 	 1
694 	 0
695 	 1
696 	 0
697 	 0
698 	 0
699 	 0
700 	 0
701 	 0
702 	 1
703 	 0
704 	 2
705 	 1
706 	 0
707 	 0
708 	 0
709 	 0
710 	 0
711 	 1
712 	 1
713 	 1
714 	 0
715 	 0
716 	 0
717 	 0
718 	 0
719 	 0
720 	 0
721 	 1
722 	 0
723 	 0
724 	 0
725 	 0
726 	 0
727 	 0
728 	 0
729 	 0
730 	 0
731 	 0
732 	 0
733 	 0
734 	 0
735 	 1
736 	 0
737 	 0
738 	 0
739 	 0
740 	 1
741 	 0
742 	 0
743 	 0
744 	 0
745 	 0
746 	 0
747 	 0
748 	 0
749 	 0
750 	 0
751 	 0
752 	 0
753 	 0
754 	 0
755 	 0
756 	 0
757 	 0
758 	 0
759 	 1
760 	 0
761 	 0
762 	 0
763 	 0
764 	 0
765 	 1
766 	 0
767 	 2
768 	 0
769 	 0
770 	 0
771 	 0
772 	 0
773 	 0
774 	 0
775 	 0
776 	 0
777 	 0
778 	 0
779 	 0
780 	 0
781 	 0
782 	 1
783 	 0
784 	 0
785 	 0
786 	 0
787 	 0
788 	 1
789 	 0
790 	 0
791 	 0
792 	 0
793 	 0
794 	 1
795 	 0
796 	 0
797 	 0
798 	 0
799 	 0
800 	 0
801 	 0
802 	 0
803 	 0
804 	 0
805 	 0
806 	 0
807 	 0
808 	 0
809 	 0
810 	 0
811 	 0
812 	 0
813 	 0
814 	 0
815 	 0
816 	 0
817 	 0
818 	 0
819 	 0
820 	 0
821 	 0
822 	 0
823 	 0
824 	 0
825 	 1
826 	 0
827 	 0
828 	 1
829 	 0
830 	 2
831 	 0
832 	 0
833 	 0
834 	 0
835 	 0
836 	 1
837 	 0
838 	 0
839 	 0
840 	 0
841 	 0
842 	 0
843 	 0
844 	 1
845 	 0
846 	 1
847 	 1
848 	 0
849 	 1
850 	 0
851 	 0
852 	 2
853 	 0
854 	 0
855 	 0
856 	 0
857 	 0
858 	 0
859 	 0
860 	 0
861 	 0
862 	 1
863 	 0
864 	 0
865 	 0
866 	 0
867 	 0
868 	 0
869 	 0
870 	 0
871 	 0
872 	 0
873 	 0
874 	 0
875 	 0
876 	 1
877 	 0
878 	 0
879 	 0
880 	 0
881 	 0
882 	 0
883 	 0
884 	 1
885 	 0
886 	 0
887 	 0
888 	 0
889 	 0
890 	 0
891 	 0
892 	 0
893 	 0
894 	 0
895 	 0
896 	 0
897 	 0
898 	 0
899 	 0
900 	 0
901 	 0
902 	 1
903 	 0
904 	 0
905 	 0
906 	 0
907 	 0
908 	 0
909 	 0
910 	 0
911 	 0
912 	 2
913 	 0
914 	 0
915 	 1
916 	 0
917 	 0
918 	 1
919 	 0
920 	 0
921 	 1
922 	 0
923 	 0
924 	 0
925 	 0
926 	 0
927 	 0
928 	 0
929 	 0
930 	 1
931 	 0
932 	 0
933 	 0
934 	 0
935 	 0
936 	 0
937 	 0
938 	 0
939 	 0
940 	 0
941 	 1
942 	 0
943 	 0
944 	 0
945 	 0
946 	 0
947 	 0
948 	 0
949 	 0
950 	 0
951 	 0
952 	 0
953 	 0
954 	 0
955 	 0
956 	 0
957 	 0
958 	 0
959 	 1
960 	 0
961 	 0
962 	 0
963 	 0
964 	 0
965 	 0
966 	 0
967 	 0
968 	 0
969 	 0
970 	 0
971 	 0
972 	 0
973 	 0
974 	 0
975 	 0
976 	 0
977 	 0
978 	 0
979 	 0
980 	 0
981 	 0
982 	 0
983 	 0
984 	 0
985 	 0
986 	 0
987 	 0
988 	 1
989 	 0
990 	 0
991 	 0
992 	 0
993 	 0
994 	 0
995 	 0
996 	 0
997 	 0
998 	 0
999 	 0
1000 	 0
1001 	 0
1002 	 0
1003 	 0
1004 	 0
1005 	 0
1006 	 0
1007 	 1
1008 	 0
1009 	 0
1010 	 0
1011 	 1
1012 	 0
1013 	 0
1014 	 0
1015 	 0
1016 	 0
1017 	 0
1018 	 0
1019 	 0
1020 	 0
1021 	 0
1022 	 0
1023 	 0


# Energy calibration zero intercept, 0.0 for uncalibrated spectrum: 0.00000
# Energy calibration slope, 1.0 for uncalibrated spectrum: 0.00000
# Energy calibration quadratic term, 0.0 for uncalibrated spectrum: 0.00000
# Peak shape calibration zero intercept, 1.0 for uncalibrated spectrum: 1.00000
# Peak shape calibration slope, 0.0 for uncalibrated spectrum: 0.00000
# Peak shape calibration quadratic term, 0.0 for uncalibrated spectrum: 0.00000
# Detector description: 
# Sample description: 
