# Converted file from inputfile Messung_5.CHN
# MCA number or Detector number: 1
# Segment number (set to 1 in UMCBI): 1
# ASCII seconds of start time: 13109
# Real Time (s): 330.000
# Live Time (s) : 328.620
# Start Date (DDMMMYY): 10JAN00
# Start time (HHMM): 2306
# Channel offset of data: 0
# Number of channels (length of data): 1024

# Data: 

0 	 0
1 	 0
2 	 1
3 	 0
4 	 0
5 	 0
6 	 0
7 	 0
8 	 1
9 	 1
10 	 2
11 	 9
12 	 14
13 	 11
14 	 14
15 	 15
16 	 19
17 	 18
18 	 23
19 	 22
20 	 12
21 	 21
22 	 26
23 	 20
24 	 24
25 	 32
26 	 22
27 	 28
28 	 25
29 	 28
30 	 21
31 	 37
32 	 38
33 	 34
34 	 42
35 	 29
36 	 38
37 	 38
38 	 35
39 	 35
40 	 33
41 	 34
42 	 32
43 	 35
44 	 42
45 	 43
46 	 50
47 	 60
48 	 41
49 	 64
50 	 54
51 	 51
52 	 57
53 	 54
54 	 49
55 	 63
56 	 50
57 	 54
58 	 67
59 	 65
60 	 47
61 	 70
62 	 62
63 	 82
64 	 68
65 	 64
66 	 61
67 	 59
68 	 71
69 	 61
70 	 67
71 	 64
72 	 60
73 	 69
74 	 53
75 	 73
76 	 54
77 	 65
78 	 76
79 	 55
80 	 62
81 	 46
82 	 45
83 	 45
84 	 52
85 	 57
86 	 60
87 	 52
88 	 53
89 	 71
90 	 56
91 	 51
92 	 55
93 	 65
94 	 35
95 	 62
96 	 47
97 	 48
98 	 46
99 	 50
100 	 47
101 	 55
102 	 55
103 	 43
104 	 40
105 	 49
106 	 52
107 	 39
108 	 45
109 	 43
110 	 49
111 	 50
112 	 30
113 	 58
114 	 39
115 	 39
116 	 41
117 	 34
118 	 37
119 	 39
120 	 50
121 	 36
122 	 35
123 	 36
124 	 43
125 	 36
126 	 30
127 	 46
128 	 28
129 	 28
130 	 33
131 	 38
132 	 36
133 	 35
134 	 22
135 	 31
136 	 30
137 	 31
138 	 41
139 	 25
140 	 36
141 	 38
142 	 24
143 	 31
144 	 17
145 	 21
146 	 28
147 	 38
148 	 24
149 	 28
150 	 35
151 	 28
152 	 17
153 	 27
154 	 30
155 	 22
156 	 36
157 	 30
158 	 25
159 	 17
160 	 27
161 	 20
162 	 26
163 	 24
164 	 27
165 	 34
166 	 26
167 	 28
168 	 32
169 	 28
170 	 25
171 	 31
172 	 21
173 	 26
174 	 29
175 	 20
176 	 32
177 	 21
178 	 23
179 	 24
180 	 30
181 	 24
182 	 22
183 	 23
184 	 26
185 	 24
186 	 24
187 	 20
188 	 14
189 	 18
190 	 26
191 	 23
192 	 25
193 	 18
194 	 14
195 	 11
196 	 20
197 	 23
198 	 21
199 	 14
200 	 17
201 	 17
202 	 17
203 	 19
204 	 13
205 	 10
206 	 18
207 	 12
208 	 18
209 	 13
210 	 15
211 	 8
212 	 15
213 	 15
214 	 12
215 	 10
216 	 14
217 	 10
218 	 17
219 	 14
220 	 15
221 	 7
222 	 7
223 	 11
224 	 12
225 	 9
226 	 6
227 	 9
228 	 13
229 	 9
230 	 13
231 	 11
232 	 13
233 	 10
234 	 12
235 	 8
236 	 12
237 	 13
238 	 13
239 	 8
240 	 11
241 	 9
242 	 25
243 	 18
244 	 10
245 	 12
246 	 14
247 	 10
248 	 10
249 	 10
250 	 17
251 	 13
252 	 15
253 	 13
254 	 12
255 	 15
256 	 16
257 	 27
258 	 20
259 	 21
260 	 31
261 	 24
262 	 35
263 	 42
264 	 35
265 	 40
266 	 59
267 	 60
268 	 57
269 	 70
270 	 71
271 	 87
272 	 91
273 	 78
274 	 110
275 	 117
276 	 131
277 	 114
278 	 115
279 	 128
280 	 105
281 	 125
282 	 120
283 	 119
284 	 102
285 	 88
286 	 89
287 	 73
288 	 77
289 	 79
290 	 44
291 	 51
292 	 42
293 	 31
294 	 28
295 	 29
296 	 11
297 	 15
298 	 19
299 	 13
300 	 7
301 	 5
302 	 9
303 	 4
304 	 5
305 	 5
306 	 8
307 	 1
308 	 7
309 	 3
310 	 4
311 	 2
312 	 1
313 	 2
314 	 3
315 	 0
316 	 4
317 	 3
318 	 5
319 	 2
320 	 8
321 	 4
322 	 4
323 	 4
324 	 6
325 	 5
326 	 4
327 	 2
328 	 6
329 	 4
330 	 5
331 	 5
332 	 7
333 	 4
334 	 3
335 	 2
336 	 5
337 	 1
338 	 4
339 	 2
340 	 5
341 	 0
342 	 2
343 	 4
344 	 5
345 	 6
346 	 4
347 	 2
348 	 4
349 	 5
350 	 3
351 	 4
352 	 1
353 	 4
354 	 4
355 	 4
356 	 8
357 	 5
358 	 3
359 	 0
360 	 2
361 	 2
362 	 4
363 	 4
364 	 4
365 	 3
366 	 2
367 	 6
368 	 5
369 	 1
370 	 2
371 	 3
372 	 2
373 	 1
374 	 3
375 	 3
376 	 3
377 	 2
378 	 3
379 	 4
380 	 3
381 	 2
382 	 1
383 	 2
384 	 1
385 	 2
386 	 3
387 	 4
388 	 5
389 	 6
390 	 6
391 	 1
392 	 5
393 	 4
394 	 4
395 	 2
396 	 3
397 	 1
398 	 1
399 	 2
400 	 2
401 	 4
402 	 5
403 	 3
404 	 4
405 	 6
406 	 4
407 	 1
408 	 3
409 	 1
410 	 5
411 	 7
412 	 1
413 	 0
414 	 4
415 	 0
416 	 0
417 	 1
418 	 1
419 	 1
420 	 1
421 	 2
422 	 5
423 	 1
424 	 2
425 	 0
426 	 5
427 	 4
428 	 2
429 	 2
430 	 3
431 	 0
432 	 2
433 	 0
434 	 2
435 	 4
436 	 1
437 	 1
438 	 1
439 	 4
440 	 0
441 	 1
442 	 2
443 	 1
444 	 3
445 	 2
446 	 3
447 	 3
448 	 3
449 	 2
450 	 2
451 	 1
452 	 2
453 	 0
454 	 3
455 	 3
456 	 4
457 	 1
458 	 3
459 	 3
460 	 2
461 	 1
462 	 3
463 	 4
464 	 7
465 	 3
466 	 0
467 	 3
468 	 3
469 	 2
470 	 4
471 	 5
472 	 1
473 	 2
474 	 4
475 	 2
476 	 4
477 	 0
478 	 1
479 	 5
480 	 0
481 	 5
482 	 2
483 	 3
484 	 2
485 	 1
486 	 3
487 	 1
488 	 0
489 	 4
490 	 4
491 	 1
492 	 3
493 	 1
494 	 2
495 	 1
496 	 3
497 	 1
498 	 2
499 	 1
500 	 2
501 	 0
502 	 1
503 	 0
504 	 2
505 	 2
506 	 2
507 	 2
508 	 3
509 	 1
510 	 1
511 	 3
512 	 0
513 	 3
514 	 1
515 	 0
516 	 1
517 	 0
518 	 1
519 	 0
520 	 4
521 	 1
522 	 0
523 	 1
524 	 3
525 	 1
526 	 1
527 	 0
528 	 0
529 	 0
530 	 2
531 	 0
532 	 2
533 	 2
534 	 2
535 	 0
536 	 1
537 	 1
538 	 0
539 	 1
540 	 2
541 	 2
542 	 1
543 	 1
544 	 2
545 	 0
546 	 0
547 	 3
548 	 1
549 	 0
550 	 1
551 	 0
552 	 1
553 	 2
554 	 1
555 	 1
556 	 1
557 	 1
558 	 1
559 	 0
560 	 2
561 	 1
562 	 1
563 	 0
564 	 1
565 	 1
566 	 1
567 	 2
568 	 0
569 	 1
570 	 1
571 	 2
572 	 1
573 	 1
574 	 3
575 	 2
576 	 2
577 	 1
578 	 1
579 	 1
580 	 1
581 	 1
582 	 2
583 	 2
584 	 2
585 	 1
586 	 3
587 	 2
588 	 1
589 	 4
590 	 0
591 	 4
592 	 5
593 	 2
594 	 1
595 	 3
596 	 3
597 	 1
598 	 4
599 	 1
600 	 3
601 	 4
602 	 1
603 	 3
604 	 1
605 	 3
606 	 4
607 	 0
608 	 1
609 	 2
610 	 2
611 	 3
612 	 1
613 	 1
614 	 1
615 	 3
616 	 2
617 	 0
618 	 2
619 	 1
620 	 1
621 	 1
622 	 0
623 	 0
624 	 0
625 	 0
626 	 0
627 	 0
628 	 1
629 	 1
630 	 1
631 	 1
632 	 0
633 	 0
634 	 1
635 	 1
636 	 0
637 	 0
638 	 1
639 	 1
640 	 2
641 	 0
642 	 1
643 	 0
644 	 1
645 	 0
646 	 0
647 	 0
648 	 1
649 	 0
650 	 0
651 	 0
652 	 1
653 	 0
654 	 1
655 	 0
656 	 2
657 	 0
658 	 0
659 	 1
660 	 0
661 	 0
662 	 0
663 	 0
664 	 1
665 	 0
666 	 0
667 	 0
668 	 0
669 	 1
670 	 1
671 	 1
672 	 1
673 	 1
674 	 0
675 	 0
676 	 0
677 	 0
678 	 0
679 	 1
680 	 0
681 	 1
682 	 0
683 	 0
684 	 1
685 	 1
686 	 1
687 	 0
688 	 0
689 	 1
690 	 0
691 	 0
692 	 0
693 	 0
694 	 0
695 	 0
696 	 1
697 	 0
698 	 2
699 	 0
700 	 1
701 	 0
702 	 0
703 	 0
704 	 0
705 	 1
706 	 2
707 	 0
708 	 1
709 	 0
710 	 1
711 	 0
712 	 0
713 	 0
714 	 0
715 	 1
716 	 1
717 	 3
718 	 0
719 	 0
720 	 0
721 	 0
722 	 0
723 	 2
724 	 0
725 	 0
726 	 2
727 	 0
728 	 0
729 	 0
730 	 0
731 	 0
732 	 0
733 	 0
734 	 0
735 	 2
736 	 0
737 	 2
738 	 1
739 	 1
740 	 0
741 	 0
742 	 0
743 	 0
744 	 0
745 	 1
746 	 1
747 	 0
748 	 0
749 	 0
750 	 1
751 	 0
752 	 1
753 	 0
754 	 1
755 	 0
756 	 0
757 	 1
758 	 1
759 	 0
760 	 0
761 	 0
762 	 0
763 	 0
764 	 2
765 	 0
766 	 0
767 	 0
768 	 0
769 	 1
770 	 1
771 	 0
772 	 0
773 	 0
774 	 0
775 	 1
776 	 0
777 	 1
778 	 0
779 	 0
780 	 0
781 	 0
782 	 1
783 	 0
784 	 0
785 	 0
786 	 0
787 	 0
788 	 0
789 	 0
790 	 0
791 	 0
792 	 0
793 	 0
794 	 0
795 	 0
796 	 0
797 	 1
798 	 0
799 	 1
800 	 0
801 	 2
802 	 0
803 	 0
804 	 0
805 	 0
806 	 0
807 	 0
808 	 0
809 	 0
810 	 1
811 	 0
812 	 0
813 	 0
814 	 0
815 	 1
816 	 0
817 	 0
818 	 1
819 	 0
820 	 0
821 	 1
822 	 1
823 	 0
824 	 0
825 	 0
826 	 0
827 	 0
828 	 0
829 	 2
830 	 0
831 	 0
832 	 0
833 	 0
834 	 1
835 	 0
836 	 0
837 	 0
838 	 0
839 	 0
840 	 0
841 	 0
842 	 0
843 	 0
844 	 0
845 	 0
846 	 0
847 	 0
848 	 0
849 	 0
850 	 0
851 	 0
852 	 0
853 	 0
854 	 0
855 	 0
856 	 0
857 	 1
858 	 1
859 	 1
860 	 0
861 	 0
862 	 1
863 	 1
864 	 1
865 	 1
866 	 0
867 	 0
868 	 0
869 	 0
870 	 0
871 	 0
872 	 0
873 	 0
874 	 0
875 	 1
876 	 0
877 	 0
878 	 1
879 	 0
880 	 1
881 	 0
882 	 0
883 	 0
884 	 0
885 	 1
886 	 0
887 	 0
888 	 0
889 	 0
890 	 1
891 	 0
892 	 0
893 	 0
894 	 0
895 	 1
896 	 0
897 	 0
898 	 0
899 	 1
900 	 0
901 	 1
902 	 0
903 	 0
904 	 1
905 	 1
906 	 1
907 	 0
908 	 0
909 	 0
910 	 0
911 	 0
912 	 0
913 	 0
914 	 0
915 	 0
916 	 0
917 	 0
918 	 0
919 	 1
920 	 0
921 	 0
922 	 0
923 	 1
924 	 0
925 	 0
926 	 0
927 	 1
928 	 0
929 	 0
930 	 0
931 	 0
932 	 0
933 	 0
934 	 0
935 	 0
936 	 0
937 	 0
938 	 0
939 	 1
940 	 0
941 	 0
942 	 0
943 	 0
944 	 0
945 	 0
946 	 0
947 	 0
948 	 0
949 	 0
950 	 0
951 	 1
952 	 0
953 	 0
954 	 0
955 	 1
956 	 0
957 	 0
958 	 0
959 	 0
960 	 0
961 	 0
962 	 1
963 	 0
964 	 0
965 	 0
966 	 0
967 	 0
968 	 0
969 	 1
970 	 0
971 	 0
972 	 0
973 	 0
974 	 0
975 	 0
976 	 0
977 	 1
978 	 0
979 	 1
980 	 0
981 	 0
982 	 0
983 	 0
984 	 0
985 	 0
986 	 0
987 	 0
988 	 0
989 	 0
990 	 0
991 	 0
992 	 0
993 	 0
994 	 0
995 	 0
996 	 0
997 	 0
998 	 0
999 	 0
1000 	 0
1001 	 0
1002 	 1
1003 	 0
1004 	 0
1005 	 0
1006 	 0
1007 	 0
1008 	 0
1009 	 0
1010 	 0
1011 	 0
1012 	 0
1013 	 0
1014 	 0
1015 	 0
1016 	 0
1017 	 0
1018 	 0
1019 	 0
1020 	 0
1021 	 0
1022 	 0
1023 	 0


# Energy calibration zero intercept, 0.0 for uncalibrated spectrum: 0.00000
# Energy calibration slope, 1.0 for uncalibrated spectrum: 0.00000
# Energy calibration quadratic term, 0.0 for uncalibrated spectrum: 0.00000
# Peak shape calibration zero intercept, 1.0 for uncalibrated spectrum: 1.00000
# Peak shape calibration slope, 0.0 for uncalibrated spectrum: 0.00000
# Peak shape calibration quadratic term, 0.0 for uncalibrated spectrum: 0.00000
# Detector description: 
# Sample description: 
