SpectrumName : Messung_9.SPC
XUnit        : 
YUnit        : 
Length       : 1024
SubSpcNum    : 1
StartSubSpc  : 0
StopSubSpc   : 0
Comment      : 
Realtime     : 330.000
Livetime     : 328.690
Deadtime     : 1.310
FastChannel  : 15152
Starttime    : 10.01.2000 23:37:26
Stoptime     : 10.01.2000 23:42:56
CalibCoeff   : a=0.000000000E+000 b=0.000000000E+000 c=0.000000000E+000 d=0.000000000E+000
SpectrumText : 0 
0,0,0,0,0,0,0,0
0,0,12,19,15,20,14,28
36,29,30,26,22,31,36,39
22,40,34,42,34,39,41,33
45,42,26,35,44,27,50,41
52,43,52,68,54,49,60,43
64,52,72,63,56,75,74,64
67,73,68,68,69,68,91,68
85,73,81,77,67,76,59,85
68,78,75,65,81,70,72,58
83,67,81,62,87,58,61,67
63,83,57,69,61,56,55,64
60,57,65,48,50,58,44,61
59,59,45,50,62,56,59,63
56,44,48,46,41,53,43,31
48,52,47,41,48,39,41,44
48,40,37,41,36,44,37,33
42,31,43,49,35,41,32,52
37,38,51,35,35,33,37,36
31,37,40,50,29,32,39,25
36,34,30,21,40,28,34,40
29,38,34,30,37,35,32,36
38,38,35,41,24,34,36,33
28,36,29,26,37,27,27,28
24,33,26,26,23,31,29,20
22,14,15,24,29,15,13,13
25,18,21,16,19,12,19,16
13,11,19,16,15,13,7,12
12,13,10,12,20,13,21,15
16,11,16,16,8,10,12,17
11,13,16,18,11,8,15,16
15,14,17,17,28,14,18,17
22,24,26,31,22,39,45,52
64,65,80,84,93,103,112,122
150,156,148,173,183,188,175,164
171,184,185,165,171,125,119,107
108,90,72,81,48,61,45,47
25,24,23,16,13,12,6,10
8,3,3,3,3,3,8,4
2,2,4,2,2,3,5,2
1,2,1,5,4,0,3,3
1,4,0,5,1,3,2,2
5,4,1,4,2,3,1,3
3,0,1,3,2,4,3,1
2,3,3,3,1,6,2,1
2,2,3,1,6,2,3,5
3,5,5,4,1,2,1,2
6,2,6,0,2,4,3,5
2,3,2,3,1,0,0,3
4,2,3,3,1,2,2,1
5,3,0,2,2,4,1,5
2,3,1,2,1,4,0,3
5,4,2,0,0,3,2,2
2,4,1,4,1,3,0,4
3,0,0,0,4,2,3,3
0,5,2,0,1,3,1,6
1,2,0,3,2,0,0,2
1,2,1,7,1,3,2,3
2,5,3,3,4,3,3,0
0,1,2,0,3,2,3,3
1,4,2,2,1,0,1,1
3,1,2,2,2,2,1,4
0,0,4,1,4,2,1,2
3,1,3,0,0,3,1,0
1,2,0,1,2,2,2,1
1,2,2,0,1,1,2,2
3,1,0,2,3,4,1,2
1,0,1,2,0,1,1,0
0,0,1,1,1,1,0,2
0,2,0,1,1,0,0,0
0,3,3,0,1,0,0,1
2,0,1,3,1,0,3,1
2,0,2,1,0,1,2,3
1,4,2,4,2,3,4,4
4,3,2,4,4,2,2,3
3,2,1,3,3,0,4,2
1,2,0,1,3,4,4,1
1,2,1,1,0,1,0,0
0,2,0,2,0,1,1,2
1,0,1,0,0,0,2,0
1,0,0,2,1,0,0,0
0,0,0,1,0,1,1,0
0,1,0,1,0,1,1,0
0,0,1,0,0,0,0,0
0,0,1,0,1,0,2,1
0,1,1,0,0,1,0,0
0,2,2,0,0,0,1,0
0,0,0,0,1,0,0,0
0,0,0,3,2,0,0,0
0,0,0,0,1,2,1,1
1,0,0,0,0,0,1,0
1,0,0,0,0,0,3,1
1,1,0,1,0,0,1,1
0,0,1,1,2,1,1,0
0,0,0,0,0,1,1,1
1,0,1,0,0,1,0,1
0,0,0,0,2,1,0,0
0,0,0,0,0,1,0,0
2,0,0,0,0,0,0,0
0,0,1,0,0,0,0,0
0,0,0,0,0,0,0,0
0,0,0,1,0,2,1,0
0,1,1,0,0,0,0,0
1,0,0,0,0,0,2,0
0,1,0,0,0,0,0,1
0,0,0,0,0,0,0,2
0,0,0,1,0,0,0,0
0,0,0,0,1,1,2,1
1,0,1,1,0,0,0,0
1,1,0,0,0,0,1,0
0,0,0,0,0,0,2,1
0,0,0,0,0,0,0,0
0,0,0,0,0,0,0,1
0,0,1,0,0,0,0,0
0,0,1,0,0,2,0,0
0,1,0,0,0,0,0,0
1,0,0,0,0,0,0,0
1,0,0,0,0,0,0,0
0,1,0,1,0,0,1,0
0,0,1,0,0,0,0,0
0,0,0,0,0,0,0,0
0,1,0,1,0,0,0,0
0,0,0,0,0,0,0,0
0,0,0,0,0,0,0,0
0,0,0,0,0,1,0,0
0,0,0,0,0,0,0,1
0,0,0,0,1,0,0,0
0,0,1,0,1,1,0,0
