# Converted file from inputfile Messung_8.CHN
# MCA number or Detector number: 1
# Segment number (set to 1 in UMCBI): 1
# ASCII seconds of start time: 14131
# Real Time (s): 120.000
# Live Time (s) : 119.620
# Start Date (DDMMMYY): 10JAN00
# Start time (HHMM): 2119
# Channel offset of data: 0
# Number of channels (length of data): 1024

# Data: 

0 	 0
1 	 0
2 	 0
3 	 0
4 	 0
5 	 0
6 	 0
7 	 0
8 	 4
9 	 14
10 	 38
11 	 76
12 	 81
13 	 81
14 	 107
15 	 119
16 	 115
17 	 103
18 	 114
19 	 107
20 	 124
21 	 108
22 	 115
23 	 105
24 	 112
25 	 129
26 	 126
27 	 105
28 	 140
29 	 127
30 	 139
31 	 123
32 	 116
33 	 159
34 	 158
35 	 155
36 	 135
37 	 133
38 	 141
39 	 130
40 	 131
41 	 148
42 	 153
43 	 137
44 	 161
45 	 144
46 	 139
47 	 149
48 	 156
49 	 153
50 	 166
51 	 185
52 	 164
53 	 131
54 	 157
55 	 178
56 	 167
57 	 136
58 	 145
59 	 188
60 	 158
61 	 160
62 	 149
63 	 195
64 	 170
65 	 188
66 	 176
67 	 192
68 	 190
69 	 154
70 	 207
71 	 194
72 	 187
73 	 199
74 	 180
75 	 203
76 	 196
77 	 214
78 	 219
79 	 192
80 	 210
81 	 187
82 	 202
83 	 216
84 	 205
85 	 189
86 	 217
87 	 207
88 	 197
89 	 204
90 	 202
91 	 205
92 	 184
93 	 192
94 	 207
95 	 173
96 	 166
97 	 206
98 	 191
99 	 179
100 	 176
101 	 169
102 	 180
103 	 207
104 	 163
105 	 180
106 	 178
107 	 185
108 	 177
109 	 184
110 	 184
111 	 158
112 	 163
113 	 182
114 	 169
115 	 185
116 	 174
117 	 154
118 	 180
119 	 179
120 	 164
121 	 158
122 	 141
123 	 155
124 	 169
125 	 172
126 	 169
127 	 178
128 	 149
129 	 151
130 	 168
131 	 177
132 	 199
133 	 150
134 	 166
135 	 167
136 	 163
137 	 143
138 	 161
139 	 174
140 	 161
141 	 148
142 	 147
143 	 176
144 	 161
145 	 164
146 	 167
147 	 157
148 	 159
149 	 150
150 	 166
151 	 171
152 	 190
153 	 167
154 	 157
155 	 138
156 	 159
157 	 180
158 	 157
159 	 153
160 	 158
161 	 147
162 	 167
163 	 166
164 	 136
165 	 168
166 	 162
167 	 183
168 	 175
169 	 182
170 	 157
171 	 158
172 	 172
173 	 159
174 	 155
175 	 160
176 	 175
177 	 170
178 	 180
179 	 157
180 	 165
181 	 181
182 	 174
183 	 185
184 	 175
185 	 174
186 	 193
187 	 168
188 	 154
189 	 155
190 	 148
191 	 171
192 	 158
193 	 174
194 	 156
195 	 143
196 	 136
197 	 153
198 	 133
199 	 123
200 	 132
201 	 103
202 	 104
203 	 100
204 	 101
205 	 122
206 	 90
207 	 93
208 	 88
209 	 100
210 	 77
211 	 79
212 	 74
213 	 59
214 	 73
215 	 70
216 	 56
217 	 58
218 	 61
219 	 66
220 	 64
221 	 59
222 	 29
223 	 63
224 	 49
225 	 55
226 	 60
227 	 47
228 	 49
229 	 64
230 	 39
231 	 41
232 	 59
233 	 51
234 	 33
235 	 51
236 	 48
237 	 52
238 	 62
239 	 54
240 	 51
241 	 61
242 	 52
243 	 57
244 	 49
245 	 57
246 	 44
247 	 68
248 	 59
249 	 70
250 	 62
251 	 60
252 	 71
253 	 52
254 	 77
255 	 100
256 	 101
257 	 108
258 	 112
259 	 124
260 	 157
261 	 192
262 	 205
263 	 251
264 	 296
265 	 324
266 	 416
267 	 497
268 	 527
269 	 607
270 	 716
271 	 735
272 	 831
273 	 893
274 	 1032
275 	 1081
276 	 1137
277 	 1204
278 	 1225
279 	 1281
280 	 1254
281 	 1237
282 	 1236
283 	 1223
284 	 1201
285 	 1109
286 	 894
287 	 950
288 	 845
289 	 796
290 	 685
291 	 625
292 	 542
293 	 450
294 	 383
295 	 313
296 	 294
297 	 191
298 	 158
299 	 136
300 	 89
301 	 81
302 	 37
303 	 39
304 	 34
305 	 24
306 	 15
307 	 12
308 	 10
309 	 3
310 	 6
311 	 3
312 	 2
313 	 2
314 	 0
315 	 0
316 	 1
317 	 0
318 	 0
319 	 6
320 	 0
321 	 4
322 	 4
323 	 0
324 	 0
325 	 0
326 	 3
327 	 2
328 	 3
329 	 1
330 	 0
331 	 2
332 	 2
333 	 4
334 	 1
335 	 2
336 	 2
337 	 0
338 	 2
339 	 1
340 	 1
341 	 0
342 	 1
343 	 1
344 	 1
345 	 1
346 	 2
347 	 1
348 	 1
349 	 0
350 	 1
351 	 2
352 	 0
353 	 4
354 	 0
355 	 1
356 	 2
357 	 1
358 	 0
359 	 1
360 	 3
361 	 0
362 	 2
363 	 1
364 	 0
365 	 0
366 	 0
367 	 0
368 	 1
369 	 0
370 	 0
371 	 0
372 	 1
373 	 0
374 	 0
375 	 1
376 	 1
377 	 1
378 	 1
379 	 0
380 	 2
381 	 0
382 	 3
383 	 0
384 	 0
385 	 0
386 	 1
387 	 2
388 	 1
389 	 2
390 	 0
391 	 0
392 	 1
393 	 2
394 	 0
395 	 0
396 	 0
397 	 0
398 	 4
399 	 1
400 	 0
401 	 0
402 	 1
403 	 0
404 	 0
405 	 1
406 	 1
407 	 0
408 	 1
409 	 1
410 	 0
411 	 2
412 	 0
413 	 0
414 	 0
415 	 2
416 	 1
417 	 0
418 	 0
419 	 1
420 	 0
421 	 1
422 	 2
423 	 0
424 	 2
425 	 0
426 	 0
427 	 1
428 	 0
429 	 0
430 	 0
431 	 2
432 	 1
433 	 0
434 	 0
435 	 1
436 	 0
437 	 0
438 	 2
439 	 2
440 	 1
441 	 1
442 	 1
443 	 0
444 	 0
445 	 0
446 	 1
447 	 2
448 	 2
449 	 2
450 	 0
451 	 1
452 	 0
453 	 0
454 	 2
455 	 1
456 	 0
457 	 0
458 	 1
459 	 0
460 	 1
461 	 2
462 	 1
463 	 1
464 	 1
465 	 0
466 	 1
467 	 2
468 	 1
469 	 1
470 	 2
471 	 0
472 	 1
473 	 1
474 	 0
475 	 1
476 	 0
477 	 1
478 	 0
479 	 0
480 	 0
481 	 0
482 	 1
483 	 1
484 	 0
485 	 1
486 	 0
487 	 0
488 	 0
489 	 0
490 	 0
491 	 1
492 	 2
493 	 1
494 	 0
495 	 0
496 	 2
497 	 2
498 	 1
499 	 1
500 	 0
501 	 1
502 	 2
503 	 0
504 	 4
505 	 2
506 	 0
507 	 1
508 	 2
509 	 0
510 	 0
511 	 1
512 	 0
513 	 1
514 	 1
515 	 0
516 	 1
517 	 0
518 	 3
519 	 3
520 	 0
521 	 0
522 	 1
523 	 0
524 	 0
525 	 1
526 	 0
527 	 0
528 	 1
529 	 2
530 	 0
531 	 1
532 	 0
533 	 0
534 	 2
535 	 0
536 	 0
537 	 0
538 	 0
539 	 0
540 	 1
541 	 0
542 	 1
543 	 0
544 	 0
545 	 2
546 	 0
547 	 1
548 	 0
549 	 0
550 	 0
551 	 1
552 	 0
553 	 1
554 	 0
555 	 0
556 	 0
557 	 0
558 	 1
559 	 0
560 	 0
561 	 0
562 	 0
563 	 1
564 	 0
565 	 1
566 	 1
567 	 0
568 	 1
569 	 0
570 	 0
571 	 0
572 	 0
573 	 3
574 	 0
575 	 0
576 	 0
577 	 1
578 	 0
579 	 0
580 	 0
581 	 1
582 	 1
583 	 2
584 	 0
585 	 0
586 	 1
587 	 0
588 	 0
589 	 2
590 	 1
591 	 1
592 	 0
593 	 0
594 	 2
595 	 1
596 	 1
597 	 2
598 	 1
599 	 1
600 	 1
601 	 2
602 	 0
603 	 0
604 	 1
605 	 1
606 	 0
607 	 3
608 	 1
609 	 1
610 	 0
611 	 2
612 	 0
613 	 0
614 	 1
615 	 1
616 	 1
617 	 0
618 	 2
619 	 0
620 	 1
621 	 1
622 	 0
623 	 0
624 	 0
625 	 0
626 	 0
627 	 1
628 	 0
629 	 1
630 	 0
631 	 0
632 	 0
633 	 0
634 	 0
635 	 0
636 	 1
637 	 0
638 	 0
639 	 1
640 	 0
641 	 0
642 	 0
643 	 0
644 	 0
645 	 0
646 	 0
647 	 0
648 	 0
649 	 1
650 	 0
651 	 0
652 	 0
653 	 0
654 	 0
655 	 0
656 	 0
657 	 0
658 	 0
659 	 0
660 	 0
661 	 0
662 	 0
663 	 0
664 	 0
665 	 0
666 	 0
667 	 0
668 	 2
669 	 0
670 	 0
671 	 0
672 	 0
673 	 0
674 	 0
675 	 0
676 	 0
677 	 0
678 	 0
679 	 0
680 	 1
681 	 0
682 	 0
683 	 0
684 	 0
685 	 0
686 	 0
687 	 0
688 	 0
689 	 0
690 	 0
691 	 0
692 	 0
693 	 0
694 	 0
695 	 0
696 	 0
697 	 0
698 	 0
699 	 0
700 	 0
701 	 0
702 	 0
703 	 0
704 	 0
705 	 0
706 	 0
707 	 0
708 	 0
709 	 0
710 	 0
711 	 0
712 	 1
713 	 0
714 	 0
715 	 0
716 	 1
717 	 0
718 	 0
719 	 0
720 	 0
721 	 0
722 	 0
723 	 0
724 	 0
725 	 0
726 	 0
727 	 0
728 	 0
729 	 0
730 	 0
731 	 1
732 	 0
733 	 0
734 	 0
735 	 0
736 	 0
737 	 0
738 	 0
739 	 0
740 	 0
741 	 0
742 	 1
743 	 0
744 	 0
745 	 0
746 	 0
747 	 0
748 	 0
749 	 0
750 	 0
751 	 0
752 	 0
753 	 0
754 	 0
755 	 0
756 	 0
757 	 0
758 	 1
759 	 0
760 	 0
761 	 0
762 	 0
763 	 0
764 	 0
765 	 0
766 	 0
767 	 0
768 	 0
769 	 0
770 	 0
771 	 0
772 	 0
773 	 0
774 	 0
775 	 0
776 	 0
777 	 0
778 	 0
779 	 0
780 	 1
781 	 0
782 	 0
783 	 0
784 	 0
785 	 0
786 	 0
787 	 0
788 	 0
789 	 0
790 	 0
791 	 0
792 	 0
793 	 0
794 	 0
795 	 0
796 	 0
797 	 0
798 	 0
799 	 0
800 	 0
801 	 0
802 	 0
803 	 0
804 	 0
805 	 0
806 	 0
807 	 0
808 	 0
809 	 0
810 	 0
811 	 0
812 	 0
813 	 0
814 	 0
815 	 0
816 	 0
817 	 0
818 	 0
819 	 0
820 	 1
821 	 0
822 	 0
823 	 0
824 	 0
825 	 0
826 	 0
827 	 0
828 	 0
829 	 0
830 	 0
831 	 0
832 	 0
833 	 0
834 	 0
835 	 0
836 	 1
837 	 0
838 	 0
839 	 1
840 	 1
841 	 0
842 	 0
843 	 0
844 	 0
845 	 0
846 	 0
847 	 1
848 	 0
849 	 0
850 	 0
851 	 0
852 	 0
853 	 0
854 	 0
855 	 0
856 	 0
857 	 0
858 	 0
859 	 0
860 	 0
861 	 0
862 	 0
863 	 0
864 	 0
865 	 0
866 	 0
867 	 0
868 	 0
869 	 0
870 	 0
871 	 1
872 	 0
873 	 0
874 	 0
875 	 0
876 	 0
877 	 0
878 	 0
879 	 0
880 	 0
881 	 0
882 	 0
883 	 0
884 	 0
885 	 0
886 	 0
887 	 0
888 	 1
889 	 0
890 	 0
891 	 0
892 	 0
893 	 0
894 	 0
895 	 0
896 	 0
897 	 0
898 	 0
899 	 0
900 	 0
901 	 1
902 	 0
903 	 0
904 	 0
905 	 0
906 	 0
907 	 0
908 	 0
909 	 0
910 	 1
911 	 0
912 	 0
913 	 1
914 	 0
915 	 0
916 	 0
917 	 0
918 	 0
919 	 0
920 	 0
921 	 0
922 	 0
923 	 0
924 	 0
925 	 0
926 	 0
927 	 0
928 	 0
929 	 0
930 	 0
931 	 0
932 	 0
933 	 0
934 	 0
935 	 0
936 	 0
937 	 0
938 	 0
939 	 0
940 	 0
941 	 0
942 	 0
943 	 0
944 	 0
945 	 0
946 	 0
947 	 0
948 	 0
949 	 0
950 	 0
951 	 0
952 	 0
953 	 0
954 	 0
955 	 0
956 	 0
957 	 0
958 	 0
959 	 0
960 	 0
961 	 0
962 	 0
963 	 0
964 	 0
965 	 0
966 	 0
967 	 0
968 	 0
969 	 0
970 	 0
971 	 0
972 	 0
973 	 0
974 	 0
975 	 0
976 	 0
977 	 0
978 	 0
979 	 0
980 	 0
981 	 0
982 	 0
983 	 0
984 	 0
985 	 0
986 	 0
987 	 1
988 	 0
989 	 0
990 	 0
991 	 0
992 	 0
993 	 0
994 	 0
995 	 0
996 	 0
997 	 0
998 	 0
999 	 0
1000 	 1
1001 	 0
1002 	 0
1003 	 0
1004 	 0
1005 	 0
1006 	 0
1007 	 0
1008 	 0
1009 	 0
1010 	 0
1011 	 0
1012 	 0
1013 	 0
1014 	 1
1015 	 0
1016 	 0
1017 	 0
1018 	 0
1019 	 1
1020 	 0
1021 	 0
1022 	 0
1023 	 0


# Energy calibration zero intercept, 0.0 for uncalibrated spectrum: 0.00000
# Energy calibration slope, 1.0 for uncalibrated spectrum: 0.00000
# Energy calibration quadratic term, 0.0 for uncalibrated spectrum: 0.00000
# Peak shape calibration zero intercept, 1.0 for uncalibrated spectrum: 1.00000
# Peak shape calibration slope, 0.0 for uncalibrated spectrum: 0.00000
# Peak shape calibration quadratic term, 0.0 for uncalibrated spectrum: 0.00000
# Detector description: 
# Sample description: 
