SpectrumName : Messung_3.SPC
XUnit        : 
YUnit        : 
Length       : 1024
SubSpcNum    : 1
StartSubSpc  : 0
StopSubSpc   : 0
Comment      : 
Realtime     : 120.000
Livetime     : 119.650
Deadtime     : 0.350
FastChannel  : 63952
Starttime    : 10.01.2000 21:11:47
Stoptime     : 10.01.2000 21:13:48
CalibCoeff   : a=0.000000000E+000 b=0.000000000E+000 c=0.000000000E+000 d=0.000000000E+000
SpectrumText : 0 
0,0,0,0,0,0,0,0
3,21,45,86,78,73,108,103
122,111,126,145,115,118,113,125
138,112,134,136,127,109,121,127
126,130,105,135,133,144,144,131
161,137,128,157,154,160,161,153
134,153,180,155,152,178,169,185
155,165,171,181,166,128,154,148
163,192,166,173,180,181,169,176
200,202,190,195,225,187,245,206
214,212,230,210,215,207,207,179
210,171,182,189,185,197,202,173
200,197,215,182,208,185,184,184
174,180,167,172,175,178,145,164
187,181,184,192,166,162,183,165
181,174,171,179,184,153,162,152
154,171,154,162,145,173,163,165
172,155,127,189,165,157,159,170
165,159,163,154,160,159,154,150
182,175,170,155,151,169,170,179
159,177,163,159,142,161,148,173
158,149,195,183,176,149,155,168
154,167,173,162,145,166,180,188
161,189,149,167,128,157,167,145
171,167,149,134,129,132,125,116
98,102,98,105,92,85,93,91
80,80,77,86,67,71,68,55
50,70,55,67,68,61,73,56
44,46,48,63,50,49,51,50
64,59,67,39,38,44,47,67
60,58,57,44,59,56,53,47
69,65,42,60,58,66,83,98
97,112,154,137,158,195,214,258
303,373,408,413,488,634,698,798
823,946,1015,1014,1174,1143,1174,1256
1220,1207,1179,1212,1144,1038,1041,910
872,783,672,626,536,435,362,305
256,192,172,129,83,77,67,43
33,13,24,12,11,4,1,5
5,3,1,0,1,0,2,1
1,1,1,0,1,3,2,0
1,1,2,2,1,1,1,0
1,0,1,2,1,2,3,1
0,2,1,2,1,0,2,0
1,2,5,2,0,1,3,2
1,3,1,4,2,0,5,1
1,1,1,0,0,1,2,0
0,1,0,0,0,0,1,0
0,1,1,1,2,2,2,1
0,3,0,1,1,2,3,2
0,1,2,0,1,0,0,1
0,2,0,0,1,2,3,2
0,2,0,1,1,1,1,2
0,0,1,1,0,2,0,1
1,0,0,1,1,1,0,1
1,0,2,1,0,1,0,0
0,1,0,0,2,2,0,0
2,2,0,1,2,0,1,2
2,0,0,0,3,1,1,0
1,0,0,1,0,2,1,0
1,2,1,0,0,0,1,1
2,0,1,1,0,1,2,0
0,2,1,0,0,1,1,0
1,0,1,0,0,0,1,0
0,0,1,2,0,0,1,1
0,0,1,1,0,0,0,2
0,0,0,0,1,0,0,0
0,0,0,0,0,1,0,0
0,1,0,0,0,1,0,0
1,0,0,0,1,1,2,0
0,0,1,0,0,0,0,1
0,0,2,1,0,1,0,0
0,0,1,2,0,2,1,1
2,0,1,0,1,2,1,0
2,1,1,0,1,1,0,0
1,2,2,1,0,1,2,0
0,2,2,0,0,4,1,0
1,0,1,0,3,1,0,0
0,1,0,0,1,1,0,0
0,1,0,0,0,0,0,0
0,0,0,0,1,1,0,0
0,0,1,0,0,0,0,0
0,0,0,0,0,0,0,1
0,1,0,0,1,0,0,0
0,1,0,0,0,0,0,0
0,0,0,0,0,0,1,0
0,0,0,0,1,0,0,1
0,1,0,0,0,0,2,0
0,1,0,1,0,0,0,0
0,0,1,0,0,0,0,0
1,0,0,0,1,0,0,2
1,0,0,1,0,0,0,1
0,1,0,0,0,0,1,0
0,0,0,0,0,0,0,1
0,0,1,0,0,0,0,0
0,1,0,0,0,0,0,0
0,0,0,0,0,0,1,0
0,0,0,0,0,1,0,0
0,0,0,0,0,0,0,0
0,0,1,0,0,0,0,0
0,0,0,0,0,0,0,0
0,0,0,1,0,0,0,0
0,0,0,0,0,0,0,0
0,0,0,0,0,0,0,0
0,1,0,0,0,1,0,0
0,0,0,0,0,0,0,0
0,0,0,0,0,0,0,0
0,0,0,1,0,1,0,0
0,0,0,2,0,0,0,1
0,0,0,0,0,0,0,0
0,0,0,0,0,0,0,0
0,0,0,0,0,0,0,0
1,0,0,0,0,0,0,0
0,0,0,0,0,0,0,0
0,0,1,0,0,0,0,0
0,0,0,0,0,0,0,0
0,0,0,0,0,0,0,0
0,0,0,0,0,0,0,0
0,0,0,0,0,0,0,0
0,0,0,0,1,0,0,0
0,0,0,0,0,0,0,0
1,0,0,0,0,0,0,0
0,0,0,0,0,0,0,0
0,0,0,0,0,0,0,0
0,0,0,0,0,0,0,0
0,0,0,0,0,0,0,0
0,0,0,0,0,0,0,0
0,0,0,1,0,0,0,0
