SpectrumName : Messung_11.SPC
XUnit        : 
YUnit        : 
Length       : 1024
SubSpcNum    : 1
StartSubSpc  : 0
StopSubSpc   : 0
Comment      : 
Realtime     : 120.000
Livetime     : 119.580
Deadtime     : 0.420
FastChannel  : 65812
Starttime    : 10.01.2000 21:32:35
Stoptime     : 10.01.2000 21:34:36
CalibCoeff   : a=0.000000000E+000 b=0.000000000E+000 c=0.000000000E+000 d=0.000000000E+000
SpectrumText : 0 
0,1,0,0,0,0,0,0
5,19,40,65,70,82,93,97
114,131,113,124,142,128,118,131
139,118,136,135,115,113,141,148
163,129,149,136,153,141,133,152
144,130,146,156,145,148,148,136
141,163,166,148,160,174,193,187
175,178,180,181,158,158,172,192
187,177,152,187,198,192,187,205
192,189,226,206,183,224,236,228
206,223,218,224,199,209,210,216
191,191,195,195,189,194,185,197
175,215,195,188,191,170,155,195
172,180,198,207,182,176,171,163
202,183,180,161,146,188,142,170
161,179,198,148,169,187,159,168
170,165,144,173,165,156,160,160
162,182,157,174,159,186,167,159
184,140,184,161,188,161,151,183
170,166,135,170,187,181,173,161
188,172,157,188,196,160,172,159
151,180,178,148,187,189,191,171
196,158,176,181,169,203,169,164
134,162,177,172,137,168,158,192
158,154,166,152,136,132,142,111
117,124,110,104,101,98,88,99
67,89,71,74,66,76,61,67
63,73,73,63,57,57,57,69
62,56,51,47,56,53,60,59
65,60,60,39,50,68,60,51
58,49,46,71,45,56,51,61
68,60,57,56,60,76,77,102
101,104,121,123,164,197,249,267
313,381,390,433,521,610,681,757
820,884,985,1065,1197,1158,1287,1306
1242,1309,1241,1237,1222,1142,1095,994
855,858,696,626,506,468,379,298
265,204,164,139,103,96,63,56
33,25,13,14,10,4,4,2
2,4,2,3,0,3,2,4
1,0,2,0,2,0,5,1
2,3,1,0,1,2,0,1
1,1,0,0,2,2,3,1
2,3,0,0,1,0,2,1
1,0,0,1,1,1,1,0
0,1,3,1,3,2,0,1
0,0,2,1,0,3,0,1
1,0,2,0,2,0,0,1
0,1,0,2,2,1,1,2
1,1,0,1,0,0,0,2
1,3,2,1,1,2,2,1
1,0,0,3,1,0,2,1
1,0,1,2,0,3,3,1
0,0,0,0,0,0,0,2
0,2,0,1,0,0,0,0
0,1,0,0,3,1,1,0
0,2,0,1,1,1,0,0
0,1,1,1,1,1,0,2
2,1,0,2,0,2,1,1
2,0,1,1,0,3,2,0
0,1,1,0,0,0,0,1
2,0,0,1,2,0,1,2
0,2,1,0,0,1,0,0
0,2,1,0,1,2,1,0
1,0,2,2,1,1,0,2
0,2,1,1,0,0,0,0
0,1,0,1,0,0,0,0
1,1,0,0,0,0,0,0
0,0,0,0,0,0,0,1
1,0,0,0,0,0,0,0
1,1,0,0,0,1,2,0
0,0,0,0,0,1,0,3
1,1,1,0,0,0,1,1
0,0,0,0,0,2,1,0
1,1,1,0,1,2,1,3
2,1,1,4,2,0,1,0
0,0,2,0,1,1,1,1
1,0,3,1,1,1,0,0
0,0,2,1,0,1,1,0
0,0,0,0,0,0,0,0
1,1,0,0,0,0,0,0
0,0,0,0,0,0,0,1
0,1,0,0,1,1,0,0
1,0,0,0,0,0,0,0
1,0,3,0,0,1,0,1
0,0,0,0,0,0,0,0
0,0,0,0,0,0,0,0
0,0,0,0,0,0,0,0
0,1,0,0,0,0,0,0
0,1,0,0,0,0,0,0
0,0,0,1,1,0,0,0
0,0,1,0,0,1,0,0
1,0,0,1,0,0,0,0
0,0,1,1,0,0,0,0
0,0,0,0,0,0,0,0
0,0,0,0,0,0,0,1
0,0,0,0,1,0,0,0
0,0,0,0,0,0,0,0
0,0,0,1,0,1,0,0
0,0,0,0,0,0,0,0
0,0,0,0,0,0,0,0
0,0,0,0,0,0,0,1
0,0,0,0,0,0,0,1
0,0,0,0,0,0,0,0
0,0,0,0,0,0,0,0
0,0,0,0,0,0,0,0
1,0,0,1,0,0,0,0
0,0,1,0,0,0,0,0
0,0,0,0,0,0,0,0
0,0,0,0,0,0,0,1
0,1,0,0,0,0,0,0
0,0,0,0,0,0,0,0
0,0,0,0,0,0,0,0
0,0,0,0,0,0,0,0
0,0,0,0,0,0,1,0
0,0,0,0,1,0,0,0
0,0,0,0,0,0,0,0
0,1,0,0,0,0,0,0
0,0,0,0,0,0,0,0
0,0,0,0,0,0,0,0
0,0,0,0,0,0,0,0
0,0,0,0,0,0,0,0
0,0,0,0,0,0,0,0
0,0,0,0,0,0,0,0
1,0,0,0,0,0,0,0
0,0,0,0,0,0,0,0
0,0,0,0,0,0,0,0
1,0,0,0,0,0,0,0
