SpectrumName : Messung_12.SPC
XUnit        : 
YUnit        : 
Length       : 1024
SubSpcNum    : 1
StartSubSpc  : 0
StopSubSpc   : 0
Comment      : 
Realtime     : 120.000
Livetime     : 119.650
Deadtime     : 0.350
FastChannel  : 65392
Starttime    : 10.01.2000 21:35:40
Stoptime     : 10.01.2000 21:37:40
CalibCoeff   : a=0.000000000E+000 b=0.000000000E+000 c=0.000000000E+000 d=0.000000000E+000
SpectrumText : 0 
0,0,0,0,0,0,0,0
5,16,37,70,95,88,99,87
105,118,131,133,126,109,121,133
126,120,125,138,146,145,130,126
128,118,144,155,141,126,159,148
136,151,128,167,158,151,162,167
138,143,146,180,155,161,166,166
175,173,186,175,170,154,155,181
193,169,186,151,175,188,175,193
196,185,178,195,188,215,217,223
208,221,201,233,203,209,185,203
206,203,216,176,203,190,195,189
216,204,211,187,170,196,203,169
206,167,174,195,194,174,186,172
169,148,177,153,164,159,165,160
162,157,153,186,167,198,181,175
150,153,162,175,185,163,155,179
168,171,175,177,173,161,188,170
163,159,125,166,161,148,169,153
172,179,165,167,145,212,194,159
179,155,172,192,196,159,173,147
170,171,147,178,176,171,166,188
162,175,187,217,176,170,162,183
178,213,192,169,194,164,178,176
176,141,170,152,156,136,121,127
121,106,106,109,100,92,85,74
74,80,84,80,66,60,59,72
67,78,70,76,58,76,62,50
56,54,55,58,46,72,53,54
48,56,50,55,49,52,49,52
55,60,75,57,55,62,59,62
51,59,60,72,64,83,81,76
96,102,105,122,138,186,205,241
300,317,426,435,552,528,683,810
834,885,967,1041,1168,1165,1249,1252
1282,1292,1281,1228,1193,1082,1087,914
880,792,712,623,539,452,416,359
266,215,211,143,107,87,57,42
44,19,16,18,9,6,5,8
1,1,3,2,1,0,1,2
2,1,0,3,1,1,3,0
4,1,1,1,1,2,0,1
3,1,0,1,2,2,0,0
2,1,0,0,0,1,2,1
3,2,1,1,0,2,0,0
0,1,1,2,2,4,0,1
0,2,0,1,1,2,0,2
1,0,0,0,0,0,1,2
0,0,2,0,1,1,3,1
3,2,2,0,0,2,1,2
1,2,0,0,0,0,1,0
1,0,1,0,0,1,2,1
1,1,1,1,2,0,1,2
0,0,0,0,2,0,2,0
0,1,0,1,0,1,0,0
2,0,1,0,1,2,1,0
1,1,0,0,0,0,1,1
1,0,2,1,0,0,0,1
0,3,3,0,1,2,0,0
0,0,1,1,0,1,1,1
1,0,0,0,0,0,0,1
1,1,0,0,3,2,0,0
1,0,0,0,0,1,1,0
0,1,1,1,2,2,0,1
1,1,0,0,1,1,1,0
0,0,0,0,0,0,1,0
0,0,0,0,0,0,0,0
0,0,1,0,0,0,1,0
0,0,2,0,0,0,1,0
0,0,0,0,0,2,0,0
1,0,0,0,1,2,1,0
1,1,0,0,0,0,1,0
0,2,0,0,0,0,0,0
1,1,1,0,1,0,2,0
1,2,0,0,2,2,1,4
0,1,1,2,2,0,1,0
2,0,1,0,2,0,1,0
1,1,2,1,1,0,0,0
0,1,0,0,0,0,0,0
0,0,0,0,0,0,0,0
0,0,0,0,0,0,0,0
0,1,1,0,0,0,0,1
0,0,0,0,0,1,0,0
1,0,0,0,0,0,1,0
0,0,1,0,0,0,0,0
0,0,0,0,0,0,0,0
0,0,0,0,0,0,0,0
1,0,0,0,1,0,0,0
0,0,0,0,0,0,1,0
0,0,0,0,0,0,0,0
0,0,0,0,0,1,0,1
0,0,1,0,0,0,0,0
0,0,0,0,0,0,0,1
0,0,0,0,0,0,0,2
0,0,0,0,0,1,0,0
0,0,0,0,0,0,0,0
0,0,0,0,0,0,0,0
0,0,0,0,0,0,0,0
0,0,0,0,0,0,1,1
0,0,0,0,0,0,0,0
0,0,0,0,0,0,0,0
0,0,0,1,0,0,0,0
0,0,0,0,0,1,0,0
0,0,0,1,0,0,1,0
0,0,0,0,0,0,0,0
0,0,0,0,0,0,0,1
0,0,0,0,0,0,0,1
0,0,0,0,0,0,0,1
0,0,0,0,0,0,0,0
0,0,0,0,0,0,1,0
0,0,0,0,0,0,0,0
0,0,0,0,0,0,0,0
0,0,0,0,0,0,0,0
0,0,0,0,0,0,1,0
0,0,0,1,0,0,0,0
1,0,0,0,0,0,0,0
0,0,0,0,0,0,0,0
0,0,0,0,0,0,0,0
0,0,0,1,0,0,0,0
0,0,0,0,0,0,0,0
0,0,0,0,0,0,0,0
0,0,0,0,0,0,0,0
0,0,0,0,0,0,0,0
0,0,0,0,0,0,1,0
0,0,0,0,0,0,0,0
0,0,0,0,0,0,0,0
0,0,0,0,0,0,0,0
0,0,1,0,0,0,0,0
