SpectrumName : Messung_9.SPC
XUnit        : 
YUnit        : 
Length       : 1024
SubSpcNum    : 1
StartSubSpc  : 0
StopSubSpc   : 0
Comment      : 
Realtime     : 120.000
Livetime     : 119.690
Deadtime     : 0.310
FastChannel  : 64144
Starttime    : 10.01.2000 21:23:27
Stoptime     : 10.01.2000 21:25:27
CalibCoeff   : a=0.000000000E+000 b=0.000000000E+000 c=0.000000000E+000 d=0.000000000E+000
SpectrumText : 0 
0,2,1,0,0,0,0,0
6,13,29,74,69,88,90,102
112,128,112,136,110,134,118,141
124,116,118,114,128,124,148,137
135,121,130,120,130,141,163,122
138,136,154,136,153,134,166,141
167,152,162,154,167,164,164,155
155,170,160,166,162,165,169,164
177,193,183,176,180,175,175,188
188,185,193,193,174,217,196,199
195,183,217,209,218,230,203,194
205,211,182,211,196,206,175,183
171,172,192,159,180,177,198,167
162,201,193,140,198,174,176,180
184,169,149,196,164,166,178,156
166,184,175,152,175,163,151,166
176,160,144,158,159,166,164,158
166,159,148,158,173,175,163,154
153,181,144,151,162,147,162,163
168,149,152,153,163,184,162,180
182,159,174,162,154,193,162,156
151,175,170,168,164,177,172,192
164,173,148,181,169,163,125,170
168,161,193,166,154,164,167,151
154,171,135,130,139,133,142,121
104,107,101,106,96,92,109,83
84,78,66,68,84,70,89,72
71,66,84,71,47,47,71,60
58,48,52,63,47,50,51,49
63,65,64,57,58,51,60,53
47,47,49,57,53,61,59,59
48,40,66,58,43,75,79,98
101,95,122,150,156,172,212,265
281,349,363,434,524,591,680,749
845,951,937,1076,1058,1216,1259,1227
1270,1232,1266,1215,1200,1125,1040,963
864,769,689,650,539,433,377,328
273,197,150,125,96,83,61,49
33,35,13,10,7,10,2,6
2,2,3,1,4,0,1,2
3,2,1,4,0,3,0,1
1,2,3,1,2,3,5,2
2,1,2,2,0,0,1,1
2,0,1,1,2,0,1,2
1,0,2,0,1,4,1,0
0,2,0,2,2,1,2,1
1,1,0,1,1,0,2,1
0,0,1,1,0,0,2,3
3,0,1,0,0,0,0,0
0,2,0,2,0,0,3,2
0,0,2,1,1,1,1,1
1,0,0,0,3,1,0,1
0,1,2,1,2,1,4,2
0,3,0,1,2,2,1,0
3,1,0,1,0,0,1,1
2,1,1,0,1,0,0,1
1,1,0,0,1,1,0,0
2,1,0,0,2,0,0,2
1,3,0,1,2,1,0,0
0,1,0,0,2,0,2,3
2,1,1,0,2,2,1,1
1,1,1,0,0,1,1,0
0,0,0,2,1,0,0,1
0,0,1,0,3,0,0,0
0,1,1,1,0,1,1,0
0,0,0,0,0,3,0,0
1,1,0,0,2,1,0,2
0,1,0,0,1,1,1,0
1,2,0,1,0,1,1,0
0,0,0,0,0,1,0,1
0,1,0,2,0,0,0,0
0,1,1,0,0,0,1,0
0,1,0,1,1,0,1,1
1,0,3,1,1,1,1,0
0,0,1,2,0,0,1,1
0,1,2,0,0,1,1,0
1,1,0,1,0,1,0,1
0,1,1,1,1,0,0,0
1,1,1,0,0,0,0,0
0,0,0,0,0,1,1,0
1,0,0,0,0,1,0,0
0,0,0,1,1,0,0,0
0,0,0,1,0,0,0,0
0,0,0,0,0,0,0,0
0,1,0,0,0,1,0,0
0,0,0,0,0,0,0,0
1,2,0,0,0,0,0,0
0,1,1,0,0,0,0,0
0,0,0,0,0,0,0,0
1,0,0,0,1,0,0,0
2,0,0,0,0,0,0,0
0,0,0,0,0,0,0,0
0,0,0,0,0,0,0,0
0,0,0,0,0,0,0,0
0,0,0,0,0,1,0,0
1,0,0,0,0,0,0,0
0,1,0,0,0,0,0,0
0,1,0,0,0,0,0,0
0,0,1,0,0,0,0,0
0,0,0,0,0,1,0,1
0,0,0,0,0,0,0,0
0,0,0,0,0,0,0,0
1,0,0,0,1,0,0,0
0,0,1,0,0,0,0,0
0,0,1,0,0,0,0,0
0,0,0,1,0,0,0,0
0,0,0,0,0,0,0,0
0,0,0,0,0,0,0,0
0,0,0,0,0,0,0,0
0,1,0,0,0,0,0,0
0,0,0,0,0,0,0,0
0,0,1,0,0,0,0,0
0,0,0,0,1,0,0,0
0,0,0,0,0,0,0,0
0,0,0,0,0,0,0,0
0,0,0,0,0,0,0,0
0,0,0,0,0,1,0,0
0,0,0,0,0,0,0,0
0,0,0,0,0,0,0,0
0,0,0,0,0,0,0,0
0,0,0,0,0,0,0,0
0,1,0,0,0,0,0,0
0,0,0,0,0,0,0,0
0,0,0,0,0,1,0,0
0,0,0,0,0,0,1,0
0,1,0,0,0,0,0,0
0,0,0,0,0,0,0,0
0,0,0,0,0,0,0,0
