SpectrumName : Messung_6.SPC
XUnit        : 
YUnit        : 
Length       : 1024
SubSpcNum    : 1
StartSubSpc  : 0
StopSubSpc   : 0
Comment      : 
Realtime     : 120.000
Livetime     : 119.640
Deadtime     : 0.360
FastChannel  : 63500
Starttime    : 10.01.2000 20:59:45
Stoptime     : 10.01.2000 21:01:46
CalibCoeff   : a=0.000000000E+000 b=0.000000000E+000 c=0.000000000E+000 d=0.000000000E+000
SpectrumText : 0 
0,0,0,0,0,0,0,0
6,14,39,81,85,98,88,98
125,111,114,158,140,137,107,107
126,128,132,135,117,155,135,159
132,150,115,138,114,124,124,131
151,143,143,141,158,143,158,138
147,164,141,161,165,153,145,178
161,156,168,149,167,184,189,159
170,181,148,178,154,169,177,152
171,184,192,184,188,195,201,201
207,208,208,200,194,198,190,212
203,164,207,200,180,199,201,203
214,169,190,193,177,169,173,197
182,187,183,175,191,178,160,189
163,186,156,160,173,175,166,167
154,140,164,179,195,133,173,173
174,182,157,168,164,143,168,172
172,170,174,162,141,148,168,179
176,166,166,160,148,140,164,179
181,180,163,168,148,156,137,159
138,155,174,187,171,169,182,183
180,148,168,161,153,168,155,147
175,173,169,180,178,165,180,167
186,169,163,171,165,146,170,154
173,157,130,124,140,127,142,117
119,128,99,112,119,101,81,92
76,89,68,60,66,48,75,71
60,62,74,51,63,42,56,52
54,51,46,63,54,57,53,51
54,52,45,56,47,50,54,38
56,64,48,68,43,48,78,54
67,67,43,68,67,63,77,86
79,107,136,145,156,208,207,275
337,345,392,466,574,591,664,774
846,852,1010,1038,1048,1190,1180,1220
1255,1288,1254,1201,1157,1075,987,877
840,712,654,598,489,409,359,268
221,216,144,125,89,60,49,36
26,17,17,12,4,8,3,4
1,2,1,3,1,1,3,5
0,1,1,3,0,0,0,1
1,3,1,1,1,1,0,1
1,0,1,0,2,4,0,1
1,1,2,0,1,1,1,1
2,0,0,1,0,0,2,2
3,2,0,1,0,2,1,0
0,1,2,1,1,0,1,0
1,0,2,2,0,1,1,0
2,0,1,1,0,1,2,2
0,1,1,3,2,2,1,0
0,2,1,0,1,0,0,1
1,1,1,1,1,0,2,1
1,2,1,4,0,1,0,0
0,1,0,1,2,1,0,0
1,1,2,0,0,2,1,1
1,1,2,0,1,1,1,1
2,1,1,0,1,0,2,0
1,1,0,0,2,1,0,1
3,0,1,1,2,1,0,1
0,2,0,1,0,0,0,0
0,1,1,0,2,1,0,1
1,0,0,0,0,1,3,0
0,0,1,0,0,0,2,1
0,0,1,0,0,0,0,1
0,1,0,0,0,2,0,0
1,0,1,0,3,0,1,1
1,0,0,2,0,1,0,0
0,0,0,1,1,0,1,1
0,1,1,0,0,0,1,1
0,1,1,1,1,0,0,0
0,0,2,0,0,0,2,0
1,1,0,1,2,2,1,1
2,2,0,1,0,1,1,1
1,0,3,0,0,0,1,2
2,3,0,0,0,1,0,0
0,0,1,0,5,0,0,0
1,1,0,0,1,0,1,1
0,1,0,1,1,1,0,0
0,0,1,0,0,0,0,0
0,0,0,0,0,0,0,0
0,0,0,0,0,0,1,0
0,0,0,0,0,0,0,0
0,0,0,0,0,1,1,1
0,0,0,0,0,2,1,0
0,0,0,0,0,0,0,1
0,0,0,0,0,1,0,0
0,0,0,0,0,0,0,0
0,0,0,0,0,0,0,0
0,1,0,0,0,1,1,1
0,0,0,0,0,0,0,0
0,1,1,1,1,1,0,1
0,0,0,0,0,1,0,0
0,0,0,0,0,1,0,0
0,0,0,1,0,0,0,0
0,0,0,0,1,0,2,0
0,0,1,0,0,1,0,0
0,0,0,0,0,0,0,0
0,0,0,0,0,0,0,0
0,0,0,0,1,0,0,1
0,0,0,0,0,0,0,0
0,0,0,1,2,0,0,0
0,1,1,0,0,0,0,1
1,1,0,0,0,0,0,0
0,0,0,0,0,0,0,0
0,0,0,0,0,0,0,0
0,0,0,0,0,0,0,0
1,0,0,0,0,0,0,0
0,0,0,0,0,0,1,1
0,0,0,0,0,0,0,0
0,0,0,0,0,0,0,0
0,0,0,0,0,0,0,0
0,0,0,0,1,0,0,0
0,0,0,0,0,0,0,0
0,0,0,0,0,0,0,0
0,0,0,0,0,0,0,0
0,0,0,0,0,0,1,0
0,0,0,1,0,0,0,0
0,1,0,0,1,0,0,0
0,0,0,0,0,0,0,0
0,0,0,0,0,1,0,0
0,0,0,0,0,0,0,0
0,0,0,0,0,0,0,0
0,0,0,0,0,0,0,0
0,0,0,0,0,0,1,0
0,0,0,0,0,0,0,0
0,0,0,0,0,0,0,0
0,0,0,0,0,0,0,0
1,0,1,0,0,0,0,0
