SpectrumName : Messung_2.SPC
XUnit        : 
YUnit        : 
Length       : 1024
SubSpcNum    : 1
StartSubSpc  : 0
StopSubSpc   : 0
Comment      : 
Realtime     : 120.000
Livetime     : 119.640
Deadtime     : 0.360
FastChannel  : 64554
Starttime    : 10.01.2000 21:08:32
Stoptime     : 10.01.2000 21:10:32
CalibCoeff   : a=0.000000000E+000 b=0.000000000E+000 c=0.000000000E+000 d=0.000000000E+000
SpectrumText : 0 
0,0,0,0,0,0,0,0
6,15,36,83,95,97,86,118
124,119,143,131,121,134,133,125
141,145,122,110,117,135,138,139
116,130,137,144,126,128,147,152
165,163,136,136,124,184,182,142
139,140,155,159,158,182,163,174
148,160,154,152,154,174,205,178
161,203,199,170,203,182,193,166
207,171,181,206,201,203,208,214
229,215,204,203,193,215,192,221
204,183,213,199,210,189,207,187
175,181,187,202,193,205,199,194
179,205,212,186,174,181,182,183
181,148,176,165,162,184,149,164
167,169,163,168,143,168,172,167
156,170,178,142,159,166,155,158
144,160,153,159,188,158,169,164
140,177,170,175,176,161,173,148
167,169,156,187,171,154,173,148
161,158,183,165,171,188,163,157
181,175,163,169,177,158,172,173
167,183,183,165,151,174,168,167
157,159,193,186,144,165,154,154
150,179,154,138,146,143,130,122
115,113,99,109,93,102,85,88
67,77,74,86,75,67,82,59
75,60,84,52,77,49,53,48
62,57,62,49,81,46,43,51
42,47,53,50,37,39,45,54
57,50,49,64,52,65,50,52
60,62,75,59,68,61,87,89
109,112,119,136,168,201,224,233
325,393,409,475,576,646,667,772
877,923,978,1055,1136,1159,1169,1224
1318,1195,1254,1139,1172,1053,1047,904
897,754,665,540,560,447,352,269
231,180,138,126,104,79,60,40
35,18,15,16,9,6,5,2
2,3,5,2,2,5,1,2
0,1,0,1,0,1,0,4
1,1,2,3,1,1,3,2
0,0,1,0,0,0,1,0
1,1,2,0,1,1,0,4
1,2,0,3,0,2,0,4
0,0,1,0,3,0,0,1
1,1,1,2,3,1,0,2
0,1,0,2,4,2,1,3
0,1,1,2,2,0,0,0
1,2,2,0,1,0,2,0
0,0,2,1,1,0,1,0
0,2,0,1,1,1,2,1
3,3,1,0,0,1,0,1
2,3,0,3,2,0,1,1
1,2,0,1,1,1,0,1
1,0,2,2,2,0,0,0
0,1,1,1,0,1,0,0
1,0,0,1,0,0,0,0
1,0,3,0,1,0,1,1
1,2,1,0,1,1,1,1
0,1,0,1,0,1,0,2
1,2,0,1,2,1,0,1
0,0,0,0,0,1,0,3
0,1,1,1,1,0,1,0
0,0,0,0,0,2,0,1
1,1,0,0,1,1,0,0
0,0,0,0,1,0,0,3
0,0,2,0,0,0,0,0
0,0,2,0,0,1,0,0
0,0,1,0,0,1,0,0
0,2,0,0,0,0,0,0
0,0,0,0,0,0,1,0
0,0,0,1,0,0,1,1
1,0,0,0,0,0,1,0
1,1,1,2,1,1,0,1
2,1,0,2,2,3,0,2
3,0,0,2,1,1,2,0
1,0,0,0,0,0,1,0
1,0,0,2,0,0,1,0
0,0,0,0,0,0,0,0
0,1,0,0,0,0,0,0
1,0,0,0,0,0,2,0
0,0,0,0,0,0,0,0
0,0,0,1,0,0,0,1
0,0,0,1,0,0,1,0
0,0,0,1,0,0,0,0
0,0,0,1,0,0,0,0
0,1,0,0,0,0,0,0
0,0,0,0,1,0,0,0
0,0,0,0,0,0,0,0
0,0,0,1,0,0,0,0
0,0,0,0,0,0,0,0
0,0,0,0,0,1,0,0
0,0,0,0,0,0,0,1
0,0,0,0,0,0,0,0
0,0,0,0,0,0,0,0
0,0,0,0,0,0,0,0
0,0,0,0,0,0,0,1
0,1,0,0,0,0,0,0
0,1,0,0,0,0,0,0
0,0,0,1,0,0,0,0
1,0,0,1,0,0,0,0
0,0,0,0,0,0,1,0
0,0,0,0,0,0,0,0
0,0,0,0,0,0,0,0
0,0,1,0,0,0,0,0
0,0,0,0,0,0,0,0
0,0,1,0,0,0,0,2
1,0,0,1,0,0,0,0
0,0,0,0,0,0,0,0
0,0,1,0,0,0,1,0
0,0,0,0,0,0,0,0
0,1,0,0,0,0,0,0
0,0,0,0,0,0,0,0
0,0,0,0,0,0,0,0
1,0,0,0,0,0,0,0
0,0,0,0,0,0,0,0
0,1,0,0,0,0,0,0
0,0,0,0,0,0,0,0
0,0,0,1,0,0,0,0
0,0,1,0,0,0,0,0
0,0,0,0,0,0,0,0
0,1,0,0,0,0,0,0
0,0,0,0,0,0,0,0
0,0,0,0,0,0,0,0
0,0,0,0,0,0,1,0
0,0,0,0,0,0,0,0
0,0,0,0,0,0,0,0
