SpectrumName : Messung_2.SPC
XUnit        : 
YUnit        : 
Length       : 1024
SubSpcNum    : 1
StartSubSpc  : 0
StopSubSpc   : 0
Comment      : 
Realtime     : 180.000
Livetime     : 177.070
Deadtime     : 2.930
FastChannel  : 8841
Starttime    : 11.01.2000 00:16:11
Stoptime     : 11.01.2000 00:19:18
CalibCoeff   : a=0.000000000E+000 b=0.000000000E+000 c=0.000000000E+000 d=0.000000000E+000
SpectrumText : 0 
0,0,0,0,0,0,0,0
0,1,5,9,14,15,12,18
16,15,16,20,10,11,16,12
18,16,18,22,20,21,24,18
20,18,21,19,26,18,32,28
23,32,21,29,32,33,36,31
30,34,41,33,32,26,34,40
42,38,45,40,41,41,54,42
41,36,40,44,42,25,49,37
44,45,35,41,46,45,35,47
35,37,41,33,34,43,27,42
27,37,36,40,37,29,35,35
36,32,36,38,33,24,31,28
29,36,45,25,32,36,28,24
27,26,20,30,23,30,25,29
23,20,24,18,28,17,18,25
11,26,21,28,23,24,22,26
32,24,23,27,26,22,26,21
27,19,23,25,25,19,20,14
16,22,17,24,29,27,19,22
33,24,21,24,17,19,19,17
19,15,15,23,22,15,18,19
19,28,18,29,13,24,23,19
17,19,21,18,17,20,22,13
17,16,21,21,12,22,21,10
10,12,7,18,11,11,15,11
8,9,14,7,10,5,8,9
5,8,12,6,9,7,11,4
10,7,7,13,11,15,8,4
7,8,4,5,13,5,5,9
11,7,12,13,7,17,8,7
8,15,12,15,12,17,13,7
20,22,10,16,20,27,27,29
38,44,51,43,57,57,70,77
99,92,92,106,122,94,95,132
124,114,111,94,95,76,72,60
51,59,38,35,35,21,28,19
15,12,12,8,2,1,3,4
1,1,5,0,2,4,4,2
0,3,2,2,3,0,3,1
2,1,1,0,0,2,2,2
1,0,1,2,4,3,4,2
2,2,0,4,1,2,3,2
1,1,2,1,1,2,2,2
2,1,2,1,1,4,1,4
3,3,1,0,2,1,3,0
3,0,3,2,5,1,3,1
1,0,4,3,2,4,3,0
3,0,1,1,0,1,2,3
3,1,1,0,2,3,3,0
2,1,3,4,3,1,0,5
1,4,0,2,0,3,0,3
0,0,0,0,1,0,3,0
1,0,1,2,3,1,1,0
1,1,1,1,1,0,2,0
2,0,0,1,2,1,4,2
0,1,1,1,0,2,3,1
0,1,0,3,2,3,0,1
1,0,1,1,1,0,1,0
2,1,1,1,2,1,0,1
2,2,1,1,1,2,1,1
0,2,0,1,1,0,0,2
1,1,0,0,0,1,0,1
1,1,2,0,1,0,0,0
1,2,0,0,1,0,0,0
1,0,1,0,2,1,0,0
0,0,0,0,2,1,0,0
1,0,0,3,1,2,2,0
1,0,0,1,1,0,0,0
0,0,1,0,0,1,0,1
1,0,1,1,0,1,0,1
1,1,0,0,1,2,2,1
0,1,0,1,2,1,0,1
1,1,2,1,3,1,0,2
1,0,1,1,1,0,3,2
0,2,1,0,1,1,3,1
1,1,0,2,0,2,3,1
0,0,0,1,0,0,0,0
1,0,0,0,0,2,2,0
0,0,0,0,0,1,0,1
0,1,0,0,1,0,0,0
0,1,0,0,0,0,2,0
0,0,0,1,1,0,1,0
2,0,0,1,1,0,2,0
0,1,1,1,0,0,1,0
1,0,0,1,0,0,0,0
0,0,1,0,1,0,1,0
1,0,0,0,0,1,0,0
0,0,0,1,0,0,0,1
1,0,0,1,0,0,0,0
0,0,0,0,2,0,0,0
0,1,1,0,1,0,1,0
0,1,0,0,0,0,0,0
0,0,0,0,1,1,0,0
0,0,0,0,0,1,1,0
0,0,0,0,0,0,0,0
1,0,1,0,0,0,0,0
1,1,0,0,1,0,0,0
1,0,0,0,0,0,0,1
0,0,0,0,0,1,0,0
0,1,0,1,0,0,0,0
0,1,0,0,0,0,0,0
0,0,0,0,0,0,0,0
0,0,0,0,0,0,0,0
0,0,0,0,0,0,0,1
0,0,0,0,0,0,0,0
0,0,0,0,0,1,0,0
0,0,0,0,0,0,0,0
1,0,2,1,0,0,0,0
0,0,2,0,0,0,0,0
0,0,0,0,1,1,0,0
0,0,0,0,0,0,0,0
0,0,0,0,0,1,0,0
0,0,0,0,0,1,0,0
0,1,1,0,0,0,0,0
0,1,0,0,0,0,0,0
0,2,0,0,0,0,0,0
0,0,0,0,1,0,0,0
0,0,0,0,0,0,0,0
0,0,0,0,0,0,0,0
1,0,0,0,0,0,0,0
0,1,0,0,0,0,0,1
0,0,0,0,0,0,0,0
0,0,0,0,0,0,0,0
0,0,0,0,1,0,0,0
0,0,0,0,0,0,0,0
0,0,0,0,0,0,0,0
0,0,0,0,0,0,0,0
