SpectrumName : Messung_6.SPC
XUnit        : 
YUnit        : 
Length       : 1024
SubSpcNum    : 1
StartSubSpc  : 0
StopSubSpc   : 0
Comment      : 
Realtime     : 180.000
Livetime     : 179.660
Deadtime     : 0.340
FastChannel  : 13156
Starttime    : 11.01.2000 00:40:08
Stoptime     : 11.01.2000 00:43:08
CalibCoeff   : a=0.000000000E+000 b=0.000000000E+000 c=0.000000000E+000 d=0.000000000E+000
SpectrumText : 0 
0,0,0,0,0,0,0,0
1,2,9,15,24,18,18,16
20,20,23,24,29,28,33,18
27,31,21,30,19,24,21,24
33,27,31,42,30,49,38,37
22,41,23,36,39,46,47,43
36,35,47,41,40,58,50,64
55,61,52,53,63,48,51,54
56,43,56,50,56,54,45,63
57,47,54,44,52,58,38,44
61,43,44,64,53,58,40,56
54,51,50,44,49,42,44,37
51,49,44,47,44,39,51,45
43,40,37,35,46,40,43,29
40,43,52,29,40,47,32,35
25,28,28,35,43,40,35,32
38,32,38,33,41,38,43,26
37,44,33,36,34,36,29,29
32,28,34,31,24,34,32,38
29,22,31,26,24,29,27,38
42,30,30,28,37,29,24,37
35,34,28,32,34,28,35,40
27,33,24,29,21,37,35,34
26,31,27,27,30,37,24,37
24,33,29,33,22,15,21,29
37,17,19,14,22,18,12,15
11,18,18,18,13,9,16,17
9,16,18,14,12,14,15,14
8,11,11,11,11,9,18,9
16,7,10,17,10,12,9,11
15,8,13,20,10,9,11,17
10,21,13,16,24,16,21,17
24,20,33,32,34,46,38,60
66,87,85,93,107,99,119,136
149,146,170,179,192,210,201,201
193,175,185,168,149,150,139,131
132,124,86,65,65,59,32,42
24,30,17,19,9,17,8,9
8,5,4,0,6,3,2,2
3,4,5,5,2,3,3,1
1,6,1,2,4,3,2,3
1,3,1,2,1,2,0,4
3,3,3,1,1,1,2,1
0,2,2,2,0,2,0,0
2,2,2,2,1,2,0,1
4,2,2,2,2,2,2,3
4,0,1,3,1,1,1,2
4,0,2,3,3,2,1,6
1,2,1,1,0,2,0,1
4,1,2,2,5,0,3,0
2,0,1,2,5,0,2,3
3,1,0,0,3,3,1,1
0,4,0,2,0,1,2,0
2,2,0,1,1,1,2,2
3,0,0,2,2,1,2,2
0,1,2,1,1,1,1,3
4,2,3,2,2,0,0,4
2,2,0,0,1,5,2,2
2,0,1,1,0,0,2,0
0,0,0,2,0,0,1,0
0,2,0,1,0,1,2,1
2,1,1,0,0,0,1,0
1,2,0,0,1,1,3,1
1,0,1,0,3,0,0,0
1,2,1,0,1,0,1,2
2,0,0,1,0,1,0,0
1,1,0,1,0,2,0,0
0,1,1,0,2,1,1,1
1,0,0,0,1,1,1,0
0,2,0,3,0,0,0,1
1,1,0,1,0,0,2,1
1,3,2,1,0,0,2,0
0,1,2,0,1,1,1,2
0,0,0,1,2,1,0,1
0,0,1,2,2,1,0,0
0,2,1,3,0,2,1,0
2,2,1,1,0,3,0,1
0,2,2,0,0,0,0,0
2,1,0,0,2,0,0,1
0,1,1,2,0,1,0,0
0,0,0,0,2,1,0,1
1,0,0,1,0,0,0,0
1,0,0,0,0,0,0,0
0,0,0,0,1,1,0,1
0,0,0,0,0,0,0,0
0,0,0,0,0,2,0,1
1,0,0,0,0,0,0,0
0,0,1,0,0,0,2,0
0,0,0,1,1,0,1,0
2,0,0,0,1,2,0,1
2,0,2,0,0,2,0,0
0,0,0,0,0,0,0,0
1,0,1,1,0,0,0,0
0,0,0,0,1,0,0,0
0,0,0,0,0,0,0,0
0,1,0,0,0,0,0,0
0,0,0,0,0,0,0,0
0,1,0,0,0,0,0,0
0,0,0,0,0,0,0,0
1,0,0,0,0,0,0,0
1,1,0,0,0,1,0,0
1,1,0,0,0,0,0,0
0,0,0,1,0,0,0,0
0,0,0,0,0,0,0,0
0,0,0,0,0,1,0,0
0,0,0,0,0,0,0,0
0,0,0,0,0,0,0,0
0,0,0,0,0,0,0,0
0,0,0,1,0,1,0,0
0,1,1,0,0,1,2,0
0,0,0,1,0,0,0,0
0,0,0,0,0,0,1,0
1,0,1,0,0,0,0,0
0,0,0,0,0,1,0,0
0,0,0,0,0,0,1,0
0,0,0,0,1,0,0,0
0,1,0,0,0,0,0,0
0,0,0,0,0,0,0,1
0,0,0,0,0,0,0,2
0,0,0,0,0,0,0,0
0,0,0,0,0,0,0,0
0,0,0,0,0,0,0,0
0,0,1,0,0,0,0,0
0,0,0,0,0,0,0,0
0,0,0,0,0,1,1,0
0,0,0,1,0,0,0,0
0,0,0,0,0,0,0,0
0,0,0,0,0,0,0,0
