# Converted file from inputfile Messung_5.CHN
# MCA number or Detector number: 1
# Segment number (set to 1 in UMCBI): 1
# ASCII seconds of start time: 14131
# Real Time (s): 180.000
# Live Time (s) : 179.220
# Start Date (DDMMMYY): 11JAN00
# Start time (HHMM): 0035
# Channel offset of data: 0
# Number of channels (length of data): 1024

# Data: 

0 	 0
1 	 0
2 	 0
3 	 0
4 	 0
5 	 0
6 	 0
7 	 0
8 	 0
9 	 4
10 	 10
11 	 15
12 	 13
13 	 22
14 	 19
15 	 20
16 	 16
17 	 17
18 	 20
19 	 24
20 	 19
21 	 27
22 	 30
23 	 16
24 	 29
25 	 31
26 	 29
27 	 21
28 	 24
29 	 20
30 	 26
31 	 30
32 	 34
33 	 26
34 	 16
35 	 28
36 	 22
37 	 30
38 	 19
39 	 35
40 	 36
41 	 32
42 	 35
43 	 34
44 	 42
45 	 41
46 	 30
47 	 43
48 	 37
49 	 39
50 	 53
51 	 48
52 	 57
53 	 44
54 	 52
55 	 56
56 	 45
57 	 41
58 	 44
59 	 52
60 	 47
61 	 60
62 	 56
63 	 45
64 	 36
65 	 46
66 	 49
67 	 51
68 	 40
69 	 39
70 	 53
71 	 47
72 	 40
73 	 47
74 	 51
75 	 47
76 	 47
77 	 67
78 	 43
79 	 53
80 	 51
81 	 37
82 	 44
83 	 59
84 	 42
85 	 52
86 	 37
87 	 44
88 	 34
89 	 41
90 	 38
91 	 40
92 	 43
93 	 44
94 	 32
95 	 45
96 	 40
97 	 38
98 	 29
99 	 29
100 	 50
101 	 44
102 	 52
103 	 38
104 	 35
105 	 31
106 	 51
107 	 35
108 	 45
109 	 37
110 	 25
111 	 36
112 	 38
113 	 36
114 	 33
115 	 32
116 	 41
117 	 41
118 	 31
119 	 38
120 	 23
121 	 30
122 	 30
123 	 35
124 	 25
125 	 32
126 	 39
127 	 30
128 	 36
129 	 34
130 	 29
131 	 32
132 	 28
133 	 34
134 	 26
135 	 30
136 	 40
137 	 28
138 	 29
139 	 38
140 	 32
141 	 27
142 	 24
143 	 29
144 	 26
145 	 38
146 	 39
147 	 25
148 	 34
149 	 28
150 	 31
151 	 27
152 	 21
153 	 20
154 	 22
155 	 39
156 	 24
157 	 44
158 	 28
159 	 27
160 	 23
161 	 33
162 	 30
163 	 30
164 	 20
165 	 37
166 	 25
167 	 26
168 	 30
169 	 23
170 	 22
171 	 26
172 	 33
173 	 33
174 	 26
175 	 27
176 	 32
177 	 20
178 	 25
179 	 37
180 	 31
181 	 27
182 	 20
183 	 23
184 	 30
185 	 31
186 	 36
187 	 23
188 	 26
189 	 39
190 	 23
191 	 23
192 	 30
193 	 25
194 	 26
195 	 28
196 	 18
197 	 26
198 	 18
199 	 22
200 	 24
201 	 19
202 	 19
203 	 11
204 	 23
205 	 12
206 	 8
207 	 11
208 	 17
209 	 12
210 	 8
211 	 15
212 	 12
213 	 8
214 	 7
215 	 8
216 	 17
217 	 13
218 	 11
219 	 13
220 	 10
221 	 13
222 	 12
223 	 10
224 	 11
225 	 12
226 	 12
227 	 6
228 	 8
229 	 12
230 	 12
231 	 10
232 	 10
233 	 11
234 	 11
235 	 6
236 	 6
237 	 8
238 	 11
239 	 15
240 	 11
241 	 8
242 	 9
243 	 12
244 	 11
245 	 9
246 	 15
247 	 13
248 	 13
249 	 12
250 	 8
251 	 17
252 	 14
253 	 8
254 	 13
255 	 16
256 	 12
257 	 19
258 	 24
259 	 27
260 	 34
261 	 41
262 	 36
263 	 59
264 	 62
265 	 59
266 	 54
267 	 75
268 	 100
269 	 105
270 	 103
271 	 135
272 	 127
273 	 129
274 	 151
275 	 172
276 	 181
277 	 180
278 	 167
279 	 156
280 	 170
281 	 147
282 	 160
283 	 141
284 	 142
285 	 153
286 	 125
287 	 133
288 	 132
289 	 99
290 	 97
291 	 68
292 	 59
293 	 54
294 	 50
295 	 30
296 	 25
297 	 18
298 	 18
299 	 17
300 	 8
301 	 8
302 	 7
303 	 6
304 	 3
305 	 2
306 	 7
307 	 3
308 	 4
309 	 3
310 	 5
311 	 0
312 	 0
313 	 1
314 	 3
315 	 1
316 	 4
317 	 2
318 	 5
319 	 2
320 	 4
321 	 0
322 	 2
323 	 1
324 	 2
325 	 3
326 	 3
327 	 1
328 	 1
329 	 2
330 	 1
331 	 1
332 	 1
333 	 1
334 	 2
335 	 4
336 	 1
337 	 1
338 	 0
339 	 3
340 	 2
341 	 1
342 	 1
343 	 0
344 	 5
345 	 3
346 	 1
347 	 3
348 	 4
349 	 1
350 	 1
351 	 2
352 	 2
353 	 0
354 	 2
355 	 1
356 	 0
357 	 0
358 	 0
359 	 0
360 	 2
361 	 5
362 	 2
363 	 3
364 	 2
365 	 0
366 	 2
367 	 2
368 	 1
369 	 1
370 	 1
371 	 4
372 	 2
373 	 0
374 	 1
375 	 5
376 	 1
377 	 0
378 	 1
379 	 3
380 	 2
381 	 3
382 	 2
383 	 0
384 	 1
385 	 3
386 	 2
387 	 5
388 	 1
389 	 4
390 	 2
391 	 0
392 	 0
393 	 1
394 	 0
395 	 1
396 	 0
397 	 2
398 	 0
399 	 1
400 	 2
401 	 3
402 	 3
403 	 1
404 	 0
405 	 3
406 	 1
407 	 2
408 	 0
409 	 3
410 	 1
411 	 2
412 	 0
413 	 2
414 	 2
415 	 2
416 	 0
417 	 2
418 	 1
419 	 3
420 	 0
421 	 1
422 	 1
423 	 2
424 	 1
425 	 1
426 	 1
427 	 0
428 	 1
429 	 0
430 	 4
431 	 1
432 	 0
433 	 1
434 	 0
435 	 2
436 	 1
437 	 3
438 	 1
439 	 2
440 	 0
441 	 0
442 	 2
443 	 0
444 	 1
445 	 1
446 	 1
447 	 1
448 	 1
449 	 2
450 	 3
451 	 0
452 	 2
453 	 2
454 	 3
455 	 0
456 	 1
457 	 2
458 	 2
459 	 2
460 	 0
461 	 0
462 	 1
463 	 0
464 	 2
465 	 0
466 	 3
467 	 5
468 	 1
469 	 0
470 	 3
471 	 3
472 	 0
473 	 1
474 	 0
475 	 0
476 	 1
477 	 3
478 	 1
479 	 1
480 	 2
481 	 1
482 	 2
483 	 1
484 	 2
485 	 1
486 	 0
487 	 3
488 	 0
489 	 1
490 	 1
491 	 0
492 	 3
493 	 1
494 	 0
495 	 2
496 	 1
497 	 0
498 	 0
499 	 2
500 	 0
501 	 1
502 	 0
503 	 1
504 	 0
505 	 1
506 	 2
507 	 0
508 	 3
509 	 1
510 	 2
511 	 3
512 	 0
513 	 0
514 	 1
515 	 2
516 	 0
517 	 1
518 	 0
519 	 0
520 	 0
521 	 0
522 	 1
523 	 1
524 	 1
525 	 0
526 	 0
527 	 0
528 	 0
529 	 0
530 	 1
531 	 1
532 	 0
533 	 0
534 	 1
535 	 1
536 	 1
537 	 0
538 	 0
539 	 1
540 	 1
541 	 0
542 	 1
543 	 1
544 	 3
545 	 1
546 	 2
547 	 0
548 	 0
549 	 0
550 	 2
551 	 1
552 	 0
553 	 0
554 	 2
555 	 0
556 	 0
557 	 0
558 	 1
559 	 0
560 	 1
561 	 0
562 	 0
563 	 0
564 	 0
565 	 0
566 	 0
567 	 0
568 	 0
569 	 0
570 	 2
571 	 0
572 	 0
573 	 0
574 	 0
575 	 0
576 	 1
577 	 2
578 	 2
579 	 0
580 	 2
581 	 1
582 	 0
583 	 1
584 	 1
585 	 3
586 	 1
587 	 2
588 	 0
589 	 0
590 	 2
591 	 1
592 	 0
593 	 0
594 	 3
595 	 0
596 	 1
597 	 0
598 	 2
599 	 2
600 	 1
601 	 0
602 	 3
603 	 1
604 	 2
605 	 0
606 	 1
607 	 0
608 	 0
609 	 1
610 	 0
611 	 0
612 	 0
613 	 1
614 	 0
615 	 1
616 	 0
617 	 1
618 	 0
619 	 1
620 	 0
621 	 0
622 	 1
623 	 2
624 	 0
625 	 0
626 	 0
627 	 0
628 	 1
629 	 0
630 	 2
631 	 0
632 	 0
633 	 0
634 	 0
635 	 1
636 	 2
637 	 0
638 	 1
639 	 0
640 	 0
641 	 0
642 	 0
643 	 0
644 	 0
645 	 0
646 	 0
647 	 0
648 	 0
649 	 0
650 	 0
651 	 0
652 	 0
653 	 0
654 	 0
655 	 1
656 	 0
657 	 0
658 	 0
659 	 0
660 	 1
661 	 1
662 	 0
663 	 0
664 	 0
665 	 0
666 	 0
667 	 0
668 	 2
669 	 0
670 	 0
671 	 0
672 	 0
673 	 0
674 	 1
675 	 0
676 	 0
677 	 0
678 	 0
679 	 0
680 	 0
681 	 0
682 	 0
683 	 0
684 	 0
685 	 0
686 	 0
687 	 1
688 	 0
689 	 0
690 	 0
691 	 0
692 	 0
693 	 0
694 	 1
695 	 0
696 	 0
697 	 0
698 	 0
699 	 1
700 	 0
701 	 0
702 	 0
703 	 0
704 	 1
705 	 0
706 	 0
707 	 0
708 	 0
709 	 0
710 	 0
711 	 0
712 	 1
713 	 0
714 	 0
715 	 0
716 	 0
717 	 0
718 	 0
719 	 0
720 	 0
721 	 1
722 	 1
723 	 0
724 	 1
725 	 0
726 	 1
727 	 0
728 	 1
729 	 0
730 	 0
731 	 0
732 	 1
733 	 0
734 	 1
735 	 1
736 	 0
737 	 0
738 	 0
739 	 0
740 	 1
741 	 0
742 	 0
743 	 0
744 	 0
745 	 0
746 	 0
747 	 0
748 	 0
749 	 1
750 	 0
751 	 0
752 	 1
753 	 0
754 	 0
755 	 1
756 	 0
757 	 0
758 	 1
759 	 0
760 	 0
761 	 0
762 	 0
763 	 0
764 	 0
765 	 0
766 	 1
767 	 0
768 	 0
769 	 0
770 	 0
771 	 1
772 	 0
773 	 1
774 	 0
775 	 1
776 	 0
777 	 0
778 	 0
779 	 0
780 	 1
781 	 1
782 	 1
783 	 0
784 	 0
785 	 0
786 	 0
787 	 0
788 	 0
789 	 1
790 	 0
791 	 0
792 	 0
793 	 0
794 	 0
795 	 0
796 	 0
797 	 1
798 	 0
799 	 0
800 	 0
801 	 0
802 	 0
803 	 0
804 	 0
805 	 1
806 	 1
807 	 0
808 	 0
809 	 0
810 	 0
811 	 0
812 	 0
813 	 1
814 	 0
815 	 0
816 	 0
817 	 1
818 	 1
819 	 0
820 	 0
821 	 0
822 	 0
823 	 0
824 	 0
825 	 0
826 	 0
827 	 0
828 	 0
829 	 0
830 	 1
831 	 0
832 	 0
833 	 0
834 	 1
835 	 0
836 	 0
837 	 0
838 	 0
839 	 0
840 	 0
841 	 0
842 	 0
843 	 0
844 	 0
845 	 1
846 	 0
847 	 0
848 	 0
849 	 0
850 	 0
851 	 0
852 	 0
853 	 0
854 	 0
855 	 0
856 	 0
857 	 0
858 	 0
859 	 0
860 	 1
861 	 0
862 	 0
863 	 0
864 	 1
865 	 0
866 	 0
867 	 0
868 	 0
869 	 0
870 	 0
871 	 0
872 	 0
873 	 0
874 	 1
875 	 0
876 	 0
877 	 0
878 	 1
879 	 0
880 	 0
881 	 0
882 	 0
883 	 0
884 	 0
885 	 0
886 	 0
887 	 0
888 	 0
889 	 0
890 	 0
891 	 1
892 	 0
893 	 0
894 	 2
895 	 0
896 	 0
897 	 0
898 	 0
899 	 0
900 	 0
901 	 0
902 	 0
903 	 0
904 	 0
905 	 0
906 	 0
907 	 1
908 	 0
909 	 1
910 	 0
911 	 1
912 	 0
913 	 0
914 	 0
915 	 0
916 	 0
917 	 0
918 	 0
919 	 0
920 	 0
921 	 0
922 	 0
923 	 0
924 	 0
925 	 0
926 	 0
927 	 0
928 	 0
929 	 1
930 	 0
931 	 0
932 	 0
933 	 0
934 	 0
935 	 0
936 	 0
937 	 0
938 	 0
939 	 0
940 	 0
941 	 0
942 	 0
943 	 0
944 	 0
945 	 0
946 	 0
947 	 0
948 	 1
949 	 0
950 	 0
951 	 1
952 	 0
953 	 0
954 	 0
955 	 0
956 	 0
957 	 0
958 	 1
959 	 0
960 	 0
961 	 0
962 	 0
963 	 0
964 	 0
965 	 0
966 	 1
967 	 0
968 	 0
969 	 0
970 	 0
971 	 0
972 	 0
973 	 0
974 	 0
975 	 0
976 	 0
977 	 1
978 	 0
979 	 0
980 	 0
981 	 0
982 	 0
983 	 0
984 	 0
985 	 0
986 	 0
987 	 0
988 	 0
989 	 0
990 	 0
991 	 0
992 	 0
993 	 0
994 	 1
995 	 0
996 	 0
997 	 0
998 	 0
999 	 1
1000 	 0
1001 	 0
1002 	 0
1003 	 0
1004 	 0
1005 	 0
1006 	 0
1007 	 1
1008 	 0
1009 	 0
1010 	 0
1011 	 0
1012 	 0
1013 	 0
1014 	 0
1015 	 0
1016 	 0
1017 	 0
1018 	 0
1019 	 0
1020 	 0
1021 	 0
1022 	 0
1023 	 0


# Energy calibration zero intercept, 0.0 for uncalibrated spectrum: 0.00000
# Energy calibration slope, 1.0 for uncalibrated spectrum: 0.00000
# Energy calibration quadratic term, 0.0 for uncalibrated spectrum: 0.00000
# Peak shape calibration zero intercept, 1.0 for uncalibrated spectrum: 1.00000
# Peak shape calibration slope, 0.0 for uncalibrated spectrum: 0.00000
# Peak shape calibration quadratic term, 0.0 for uncalibrated spectrum: 0.00000
# Detector description: 
# Sample description: 
