SpectrumName : Messung_11.SPC
XUnit        : 
YUnit        : 
Length       : 1024
SubSpcNum    : 1
StartSubSpc  : 0
StopSubSpc   : 0
Comment      : 
Realtime     : 180.000
Livetime     : 179.620
Deadtime     : 0.380
FastChannel  : 11874
Starttime    : 11.01.2000 01:00:36
Stoptime     : 11.01.2000 01:03:36
CalibCoeff   : a=0.000000000E+000 b=0.000000000E+000 c=0.000000000E+000 d=0.000000000E+000
SpectrumText : 0 
0,0,0,0,0,0,0,0
0,3,6,11,11,18,23,12
21,21,21,23,32,23,19,22
20,16,20,29,19,25,24,24
14,33,23,44,30,28,33,38
41,41,39,47,51,39,36,37
38,45,34,31,46,49,40,47
43,44,44,56,49,57,52,42
62,71,53,50,53,48,54,43
35,41,46,65,65,54,43,55
39,55,59,66,55,39,37,50
37,50,41,45,52,38,39,43
34,44,42,34,42,40,33,31
33,41,40,42,43,44,41,28
35,37,34,31,29,36,38,40
30,41,20,37,21,37,28,29
33,30,35,28,27,27,36,32
29,28,42,24,21,34,27,26
31,38,41,31,31,32,24,25
39,30,20,23,21,22,31,29
27,29,26,25,25,28,24,32
33,29,31,36,25,27,34,31
23,27,27,38,25,30,20,37
23,24,25,22,23,23,36,29
26,25,23,21,22,17,19,10
24,13,16,19,17,18,12,10
16,17,14,9,12,13,19,26
6,13,11,13,9,13,11,13
11,9,18,13,7,13,11,12
14,11,8,11,10,11,7,17
8,16,7,8,8,9,12,8
16,16,11,10,22,13,22,15
20,13,22,20,32,31,32,48
55,67,75,69,91,105,127,115
117,162,138,169,160,170,165,169
181,172,157,164,149,150,125,106
106,92,79,74,56,50,36,29
24,17,18,15,10,11,7,7
9,0,2,2,2,2,2,1
0,2,2,2,0,2,0,2
1,6,3,1,3,2,5,0
0,3,1,1,0,1,0,1
1,1,0,2,0,2,3,2
5,2,0,2,2,2,3,2
1,1,1,1,1,2,3,4
2,0,0,2,2,3,1,0
1,0,1,1,2,1,3,1
1,1,2,1,1,2,0,2
2,2,3,0,5,2,1,6
3,3,0,0,2,3,2,3
1,0,0,0,1,4,1,4
3,2,1,1,0,0,4,2
2,1,1,1,0,2,0,3
0,1,0,1,0,0,1,0
0,1,3,1,1,1,1,0
1,0,2,3,2,1,0,1
3,1,0,2,2,0,2,3
0,1,1,1,1,0,0,1
2,0,1,0,1,1,1,1
1,1,0,1,2,0,1,0
1,1,1,1,3,1,1,0
3,0,2,1,1,2,2,1
1,0,0,2,2,1,0,0
0,0,1,2,1,2,1,3
1,0,1,1,0,0,0,0
0,2,0,0,1,0,0,1
0,0,1,1,0,1,2,0
0,2,0,0,0,0,0,0
0,0,0,0,0,0,0,3
2,0,0,1,2,1,0,0
0,0,0,0,1,0,1,0
1,1,1,4,0,0,3,0
3,0,0,0,0,4,1,1
0,1,1,0,0,3,3,2
2,4,1,2,3,0,2,3
1,1,1,1,0,2,1,2
1,2,0,0,0,4,2,0
0,0,0,0,0,0,2,1
0,0,0,0,2,1,2,0
0,0,0,0,0,1,0,0
0,0,1,0,0,1,0,0
0,1,0,0,1,0,0,0
0,0,0,0,0,0,0,1
1,1,0,0,2,0,0,1
1,0,0,1,0,0,0,0
0,0,0,1,0,0,0,0
0,0,0,0,0,0,0,0
1,0,0,0,1,0,0,0
0,1,0,0,1,0,0,0
0,0,0,0,0,0,1,0
0,0,1,0,0,0,0,0
1,0,0,0,1,0,0,1
0,1,0,0,0,0,0,0
0,0,0,0,0,0,0,1
0,0,0,0,0,0,0,0
0,2,0,0,0,0,0,1
0,0,0,1,0,0,0,0
0,0,0,0,0,0,0,0
0,0,0,0,1,0,0,0
1,0,0,0,0,0,0,0
0,0,1,0,0,0,0,0
1,0,1,0,0,0,0,0
0,0,0,0,0,0,0,0
0,0,0,0,0,0,0,0
0,0,0,0,0,0,0,0
1,0,0,0,0,0,0,0
1,0,0,0,0,1,0,0
0,0,0,1,1,0,0,0
0,0,0,0,1,0,0,0
0,0,0,0,0,1,0,0
0,0,0,0,0,0,0,0
1,0,0,0,0,0,0,0
0,0,0,1,0,0,0,0
0,0,0,0,0,0,0,0
0,0,0,0,0,0,0,1
0,0,0,0,0,0,0,2
0,0,0,0,0,0,0,0
0,0,0,0,1,0,1,0
0,1,0,0,0,0,0,0
0,0,0,0,1,0,0,0
0,0,0,0,0,1,0,0
0,0,0,0,0,0,0,0
0,0,0,0,0,0,0,0
0,0,0,0,0,0,0,0
0,0,0,0,0,0,0,0
0,0,0,1,0,0,0,0
0,0,0,0,0,0,0,0
0,0,0,0,0,0,0,0
