SpectrumName : Messung_1.SPC
XUnit        : 
YUnit        : 
Length       : 1024
SubSpcNum    : 1
StartSubSpc  : 0
StopSubSpc   : 0
Comment      : 
Realtime     : 180.000
Livetime     : 179.460
Deadtime     : 0.540
FastChannel  : 10546
Starttime    : 11.01.2000 00:21:53
Stoptime     : 11.01.2000 00:24:54
CalibCoeff   : a=0.000000000E+000 b=0.000000000E+000 c=0.000000000E+000 d=0.000000000E+000
SpectrumText : 0 
0,0,0,0,0,0,0,0
0,0,5,10,14,13,10,24
18,20,22,18,29,27,30,24
18,22,24,30,24,17,21,29
28,19,23,35,29,34,26,32
35,32,29,40,45,36,27,44
32,33,47,42,41,37,39,39
40,43,40,40,44,28,50,44
50,40,39,51,47,40,44,54
53,47,39,52,47,49,51,41
42,39,47,36,42,39,38,38
43,31,42,32,35,43,31,36
43,40,37,35,46,41,41,34
49,37,29,19,30,37,29,39
38,39,33,30,29,23,24,32
33,20,37,28,36,31,33,37
32,32,21,30,37,39,24,25
25,27,22,29,29,25,27,27
29,29,23,33,20,25,30,28
26,23,26,22,33,27,14,24
31,23,26,29,27,29,25,14
25,20,21,21,28,25,29,25
27,30,23,24,30,22,23,23
30,31,23,29,26,18,19,24
17,25,19,16,16,18,19,14
11,21,15,11,14,13,10,12
12,9,10,19,7,9,8,9
9,15,9,15,11,6,9,12
7,14,11,9,6,13,9,11
5,9,12,12,11,8,10,5
10,7,10,8,9,9,10,10
14,12,12,13,10,14,13,25
14,8,23,17,21,40,30,39
42,50,56,74,85,86,101,96
94,124,139,133,146,155,141,136
147,148,109,137,120,103,115,79
98,90,75,63,42,40,25,27
17,15,22,15,14,8,5,0
3,3,7,4,1,3,2,3
3,1,1,2,3,2,0,3
0,4,2,2,0,3,1,1
0,2,1,0,4,1,3,1
1,2,3,2,0,0,0,1
1,1,1,1,3,1,2,3
0,1,3,1,1,2,1,2
0,2,2,0,2,4,1,1
2,4,4,5,0,1,1,1
2,2,2,0,1,3,2,1
0,2,3,2,1,3,1,0
0,2,1,4,1,3,3,2
1,1,1,0,1,2,3,0
0,3,2,0,2,4,0,1
4,1,2,2,0,1,1,2
0,2,1,1,3,2,3,0
0,2,2,1,0,4,0,1
1,0,1,0,2,1,1,3
2,0,0,0,3,2,1,0
0,2,0,2,3,1,1,0
1,0,1,2,2,0,0,3
2,1,0,1,0,0,2,1
0,1,0,0,2,0,0,1
2,2,2,1,0,0,1,2
1,0,2,2,1,1,2,0
1,3,1,0,2,1,1,2
0,0,1,0,1,0,0,1
2,0,0,0,1,1,1,1
0,0,1,1,0,0,0,0
2,1,0,1,0,0,0,0
0,2,0,1,2,0,0,1
0,0,0,0,0,0,0,0
0,1,0,0,0,0,0,1
0,0,1,0,1,1,4,3
1,1,1,1,0,2,1,2
0,2,0,3,1,1,1,1
1,1,1,1,1,1,0,0
3,2,0,0,0,2,1,0
1,1,1,1,1,1,2,0
1,0,1,2,0,0,1,0
1,0,1,0,0,0,0,0
1,0,0,0,0,0,1,0
0,1,1,0,0,0,0,0
0,0,1,0,1,0,0,0
0,0,0,0,0,1,1,0
0,2,0,0,0,0,0,0
0,0,0,1,0,0,0,1
0,0,0,0,0,0,0,0
0,0,0,0,0,1,0,1
0,0,0,0,0,0,1,0
2,1,0,0,0,0,0,1
1,1,0,0,0,0,0,0
0,1,0,0,0,0,0,0
0,0,0,0,0,0,0,1
0,0,0,0,1,0,0,0
0,0,0,0,0,0,0,0
0,0,0,0,0,0,0,1
0,0,0,0,0,1,0,2
0,0,0,0,0,0,0,0
0,0,0,0,0,0,1,0
0,0,0,0,1,0,0,0
0,0,1,0,0,0,0,0
0,0,0,0,0,0,0,0
0,0,0,0,0,0,0,0
0,0,0,0,0,0,0,0
0,1,0,0,1,0,2,0
0,0,0,0,1,0,0,0
0,0,0,0,1,0,1,1
0,1,0,0,2,0,0,0
0,0,0,0,0,0,1,0
0,0,0,0,0,0,0,0
0,0,0,0,1,0,0,0
0,0,0,0,1,0,0,0
0,0,0,0,0,0,0,0
0,0,0,0,0,0,1,0
0,0,0,0,0,0,0,0
2,0,0,1,0,0,1,0
0,1,0,0,0,0,0,0
0,0,1,0,0,0,0,0
0,0,0,0,0,1,0,0
0,0,0,0,0,0,0,0
0,0,0,0,0,0,0,1
0,0,0,0,0,0,0,0
0,0,0,0,0,0,0,0
0,0,0,0,0,0,0,0
0,0,0,0,1,0,0,0
0,0,0,0,0,0,0,0
0,0,0,0,0,0,0,1
0,0,0,1,0,0,0,0
0,0,0,0,0,0,0,0
